MCNP(X) Input File                                            07/22/19 10:57:28 
 1  mcnp      6                          05/08/13  10000000
     0
    12     0    51     2    51     1  2500     3  2500     1     0     0     0     0     0     0     0     0     0
  0.00000     0.100000E+37
     0
     0
 -3.00000     -2.88000     -2.76000     -2.64000     -2.52000     -2.40000     -2.28000     -2.16000     -2.04000     -1.92000     -1.80000     -1.68000     -1.56000     -1.44000     -1.32000     -1.20000     -1.08000     -.960000     -.840000     -.720000     -.600000     -.480000     -.360000     -.240000     -.120000     0.166533E-14 0.120000     0.240000     0.360000     0.480000     0.600000     0.720000     0.840000     0.960000      1.08000      1.20000      1.32000      1.44000      1.56000      1.68000      1.80000      1.92000      2.04000      2.16000      2.28000      2.40000      2.52000      2.64000      2.76000      2.88000      3.00000    
  20.0000      22.0000    
 -5.00000     -4.80000     -4.60000     -4.40000     -4.20000     -4.00000     -3.80000     -3.60000     -3.40000     -3.20000     -3.00000     -2.80000     -2.60000     -2.40000     -2.20000     -2.00000     -1.80000     -1.60000     -1.40000     -1.20000     -1.00000     -.800000     -.600000     -.400000     -.200000     0.216493E-14 0.200000     0.400000     0.600000     0.800000      1.00000      1.20000      1.40000      1.60000      1.80000      2.00000      2.20000      2.40000      2.60000      2.80000      3.00000      3.20000      3.40000      3.60000      3.80000      4.00000      4.20000      4.40000      4.60000      4.80000      5.00000    
 5.037254E-09 4.798007E-09 4.548867E-09 5.564099E-09 4.369476E-09 5.262762E-09 4.839617E-09 3.990671E-09 9.895928E-06 1.710830E-05 1.903396E-05 1.704555E-05 1.911361E-05 1.839386E-05 1.908446E-05 1.594916E-05 2.179151E-05 1.841709E-05 2.432535E-05 2.013522E-05 2.239291E-05 1.873054E-05 2.364269E-05 2.728053E-05 2.222494E-05 1.914608E-05 2.549792E-05 2.257063E-05 2.216412E-05 2.223208E-05 2.301385E-05 2.019459E-05 1.878134E-05 2.231793E-05 1.840979E-05 2.222780E-05 1.923895E-05 2.393196E-05 1.886400E-05 1.895895E-05 1.783974E-05 1.036613E-05 4.727766E-09 6.316587E-09 5.436784E-09 5.707461E-09 5.777466E-09 4.741137E-09 4.116874E-09 4.050109E-09
 4.426994E-09 5.144545E-09 4.850951E-09 4.734769E-09 5.604699E-09 4.459030E-09 4.666040E-09 4.204607E-09 1.476718E-05 1.981825E-05 2.248044E-05 1.730453E-05 2.127020E-05 1.907320E-05 1.915871E-05 2.015201E-05 2.186027E-05 2.159849E-05 2.449431E-05 2.593348E-05 2.569814E-05 2.241016E-05 2.498579E-05 2.311657E-05 2.419605E-05 2.394319E-05 2.546288E-05 2.392274E-05 2.463527E-05 2.192958E-05 2.110589E-05 1.996357E-05 2.471458E-05 2.202085E-05 2.225061E-05 2.730675E-05 2.282374E-05 2.307530E-05 2.178834E-05 2.284769E-05 1.863085E-05 1.292041E-05 5.279176E-09 5.225287E-09 5.386949E-09 4.560839E-09 4.882510E-09 4.837820E-09 4.387851E-09 3.785763E-09
 4.252311E-09 4.707445E-09 5.191543E-09 5.994807E-09 5.547435E-09 5.401594E-09 4.525914E-09 5.109906E-09 1.542131E-05 2.230544E-05 2.271941E-05 2.197430E-05 2.359246E-05 2.564450E-05 2.099603E-05 2.312025E-05 2.097312E-05 2.407923E-05 2.342068E-05 2.477817E-05 2.744668E-05 2.663052E-05 2.561470E-05 2.446030E-05 2.888424E-05 2.357678E-05 2.478100E-05 2.202978E-05 2.396460E-05 2.768249E-05 2.277082E-05 2.231162E-05 2.868924E-05 2.175102E-05 2.285182E-05 2.391787E-05 2.587967E-05 2.127434E-05 2.315421E-05 2.364201E-05 2.724183E-05 1.369225E-05 5.527685E-09 5.361538E-09 5.482922E-09 4.860209E-09 5.143305E-09 5.090283E-09 4.658387E-09 5.131960E-09
 4.726552E-09 4.832474E-09 5.104805E-09 4.892829E-09 6.567162E-09 6.508899E-09 5.307017E-09 5.783802E-09 1.625081E-05 2.998641E-05 2.333544E-05 2.608397E-05 2.421494E-05 2.708310E-05 2.378049E-05 2.051786E-05 2.298916E-05 2.503313E-05 2.613840E-05 2.710890E-05 2.373339E-05 2.398576E-05 2.445152E-05 3.146170E-05 3.043262E-05 2.774974E-05 2.858521E-05 2.652872E-05 2.999236E-05 2.699191E-05 2.272941E-05 2.365426E-05 2.883609E-05 2.441935E-05 2.272182E-05 2.425910E-05 2.109254E-05 2.309565E-05 2.613091E-05 2.670877E-05 2.503664E-05 1.340144E-05 6.263065E-09 5.814870E-09 6.035516E-09 5.112193E-09 5.945268E-09 5.202060E-09 5.722678E-09 5.326336E-09
 5.954404E-09 6.013322E-09 5.732301E-09 4.879564E-09 5.726745E-09 7.010629E-09 6.274158E-09 5.632685E-09 1.521833E-05 2.292801E-05 2.098238E-05 2.798449E-05 2.649948E-05 2.707790E-05 3.181922E-05 2.788316E-05 2.297399E-05 2.172154E-05 2.471991E-05 2.638905E-05 2.347056E-05 2.365403E-05 2.452767E-05 3.166802E-05 2.783009E-05 2.624963E-05 2.609859E-05 2.755738E-05 2.854694E-05 2.324260E-05 2.472966E-05 2.627959E-05 2.806413E-05 2.827479E-05 2.303369E-05 2.676282E-05 2.385160E-05 2.475436E-05 2.121954E-05 2.753098E-05 2.430419E-05 1.584070E-05 6.849956E-09 6.117050E-09 5.811576E-09 5.039961E-09 5.546752E-09 6.347965E-09 5.844737E-09 5.152485E-09
 5.880309E-09 6.036996E-09 5.565573E-09 4.563344E-09 6.262677E-09 5.878299E-09 7.011136E-09 6.765679E-09 1.409400E-05 2.028978E-05 1.883357E-05 2.425797E-05 2.723652E-05 2.542516E-05 3.184237E-05 3.166061E-05 2.336802E-05 2.311719E-05 2.626282E-05 2.341854E-05 2.650321E-05 2.256606E-05 2.575258E-05 3.143221E-05 2.789705E-05 2.513152E-05 2.560900E-05 2.760977E-05 2.275890E-05 2.397976E-05 2.837244E-05 2.422798E-05 3.097555E-05 2.874701E-05 2.351350E-05 2.362458E-05 2.275929E-05 2.339386E-05 2.257393E-05 2.383298E-05 2.316134E-05 1.541411E-05 6.290362E-09 6.142633E-09 5.546621E-09 6.536983E-09 6.039266E-09 5.711312E-09 5.420679E-09 5.490418E-09
 5.942191E-09 4.997135E-09 5.552802E-09 5.027121E-09 5.824070E-09 6.066172E-09 7.175818E-09 7.373877E-09 1.484133E-05 2.066534E-05 2.405411E-05 2.269497E-05 2.690081E-05 2.411285E-05 2.489577E-05 2.783603E-05 3.034998E-05 2.198448E-05 2.507715E-05 2.829484E-05 2.534607E-05 2.288093E-05 2.559353E-05 2.687658E-05 2.946160E-05 3.078804E-05 2.609596E-05 2.751498E-05 2.085676E-05 2.452010E-05 2.956443E-05 2.860448E-05 2.611486E-05 2.529354E-05 2.697624E-05 2.336189E-05 2.317286E-05 2.169845E-05 2.401254E-05 2.590028E-05 2.234744E-05 1.370160E-05 6.979797E-09 5.705113E-09 6.791663E-09 6.323049E-09 5.318788E-09 5.359719E-09 5.767022E-09 5.050509E-09
 6.222940E-09 6.049605E-09 5.636333E-09 5.656656E-09 4.922042E-09 5.826864E-09 6.650902E-09 7.630500E-09 1.579250E-05 2.579828E-05 2.693794E-05 2.507884E-05 2.595016E-05 2.423345E-05 2.338562E-05 2.306155E-05 3.041914E-05 2.621378E-05 2.775426E-05 2.763657E-05 2.716053E-05 2.643349E-05 2.898774E-05 2.942874E-05 2.668838E-05 3.038310E-05 2.446687E-05 2.865205E-05 2.681307E-05 2.878121E-05 3.030015E-05 2.820926E-05 2.877901E-05 2.368960E-05 2.647218E-05 2.500972E-05 2.278331E-05 2.945351E-05 2.732021E-05 2.592367E-05 2.036135E-05 1.601819E-05 6.829950E-09 6.824952E-09 6.706092E-09 6.155110E-09 6.391336E-09 5.421150E-09 4.916610E-09 5.871093E-09
 5.837268E-09 5.366124E-09 6.202524E-09 6.476681E-09 7.321341E-09 7.390298E-09 6.458907E-09 6.195996E-09 1.418311E-05 2.024696E-05 2.737206E-05 2.483993E-05 2.798776E-05 2.478001E-05 2.312809E-05 2.319785E-05 2.787421E-05 2.529873E-05 3.009988E-05 2.431349E-05 2.535679E-05 2.760289E-05 2.896757E-05 3.043166E-05 3.295821E-05 3.669354E-05 2.715928E-05 3.188539E-05 3.063564E-05 3.102271E-05 2.880247E-05 2.757212E-05 2.412723E-05 2.529363E-05 2.944320E-05 2.617028E-05 2.958135E-05 2.669594E-05 3.158453E-05 2.279646E-05 2.245204E-05 1.552921E-05 7.042226E-09 6.669737E-09 6.759660E-09 6.165593E-09 6.232041E-09 4.930382E-09 4.585494E-09 6.192154E-09
 6.606690E-09 6.004602E-09 6.575942E-09 6.827937E-09 5.959998E-09 6.794742E-09 7.326566E-09 5.824976E-09 1.481341E-05 2.466335E-05 2.379676E-05 2.513616E-05 2.146156E-05 2.689274E-05 2.706128E-05 2.628483E-05 2.709977E-05 2.744401E-05 2.916596E-05 2.294891E-05 2.443693E-05 2.752687E-05 2.572357E-05 2.983880E-05 3.198483E-05 2.802646E-05 2.331057E-05 3.087842E-05 3.202854E-05 3.129766E-05 3.003094E-05 2.447830E-05 2.716011E-05 2.721312E-05 2.893900E-05 2.518199E-05 2.654436E-05 2.503460E-05 2.132655E-05 2.587254E-05 2.128482E-05 1.509898E-05 5.466506E-09 7.284688E-09 7.623072E-09 7.470858E-09 5.772897E-09 6.431950E-09 6.332846E-09 7.084380E-09
 5.521306E-09 5.587641E-09 6.216931E-09 7.803918E-09 7.767415E-09 6.329733E-09 6.138828E-09 6.252764E-09 1.527600E-05 1.991623E-05 2.497107E-05 2.673236E-05 1.890767E-05 2.376463E-05 2.327603E-05 2.396862E-05 2.722301E-05 3.079455E-05 2.494972E-05 2.336215E-05 2.745251E-05 2.701754E-05 2.535873E-05 3.224616E-05 3.214342E-05 2.883239E-05 2.819180E-05 2.281613E-05 3.070388E-05 2.750939E-05 2.888955E-05 2.856585E-05 2.932469E-05 2.617728E-05 2.764548E-05 2.220407E-05 3.238199E-05 2.659412E-05 2.748590E-05 2.186466E-05 2.215147E-05 1.270021E-05 6.856330E-09 7.606423E-09 7.678413E-09 7.100068E-09 7.112043E-09 6.912296E-09 7.341183E-09 8.159288E-09
 5.505343E-09 5.500315E-09 6.476920E-09 7.696875E-09 7.259893E-09 8.166536E-09 7.277992E-09 5.833970E-09 1.567734E-05 2.371356E-05 2.791884E-05 2.616444E-05 2.448357E-05 2.295888E-05 2.378862E-05 2.815794E-05 2.919382E-05 3.324171E-05 3.194715E-05 2.937783E-05 2.781925E-05 2.618390E-05 3.125075E-05 3.281913E-05 2.666608E-05 3.065691E-05 2.489050E-05 2.639503E-05 3.074209E-05 3.400320E-05 3.002845E-05 2.526119E-05 2.926368E-05 2.767963E-05 2.193849E-05 2.974175E-05 3.315779E-05 2.854970E-05 2.757536E-05 2.384294E-05 2.535500E-05 1.786915E-05 7.213518E-09 7.213393E-09 6.781104E-09 6.847318E-09 8.404720E-09 7.194786E-09 6.759720E-09 6.642487E-09
 6.140170E-09 6.354089E-09 6.778505E-09 7.199726E-09 8.647395E-09 8.515427E-09 6.826416E-09 7.956842E-09 1.302061E-05 2.628107E-05 2.701852E-05 2.547450E-05 2.527657E-05 2.471697E-05 3.131111E-05 3.043949E-05 2.731366E-05 2.873680E-05 3.029482E-05 3.455920E-05 3.282257E-05 2.813913E-05 3.323021E-05 2.651806E-05 2.920741E-05 3.504510E-05 2.533716E-05 2.629569E-05 3.547238E-05 2.984985E-05 3.096034E-05 2.425227E-05 2.926624E-05 2.588901E-05 2.403177E-05 2.259222E-05 2.515767E-05 2.790717E-05 2.813006E-05 2.821175E-05 2.479427E-05 1.385362E-05 6.859955E-09 6.422428E-09 6.847511E-09 7.527234E-09 7.236222E-09 6.749104E-09 7.257618E-09 6.447825E-09
 6.073790E-09 6.614992E-09 6.545382E-09 6.997969E-09 8.170306E-09 6.824189E-09 7.117734E-09 6.926339E-09 1.507723E-05 2.600553E-05 2.809323E-05 2.924153E-05 2.772737E-05 2.370255E-05 2.431039E-05 2.832429E-05 2.734769E-05 2.561332E-05 2.346357E-05 2.917158E-05 2.450289E-05 2.490379E-05 3.290426E-05 3.113716E-05 2.810189E-05 3.167883E-05 2.953729E-05 2.517542E-05 3.080512E-05 2.931153E-05 3.437419E-05 2.594221E-05 2.541852E-05 2.609487E-05 3.083407E-05 2.463797E-05 2.703511E-05 2.888711E-05 2.505968E-05 2.410108E-05 2.044262E-05 1.670377E-05 6.918944E-09 7.675268E-09 6.389820E-09 6.492377E-09 6.793228E-09 6.794586E-09 6.534198E-09 6.296230E-09
 6.250887E-09 6.516921E-09 7.190373E-09 6.672645E-09 6.972090E-09 7.668205E-09 7.142116E-09 6.905775E-09 2.025603E-05 2.365782E-05 2.989106E-05 2.881801E-05 3.219763E-05 2.504901E-05 2.998528E-05 2.421373E-05 2.997884E-05 3.440486E-05 3.009193E-05 2.987631E-05 2.278878E-05 3.049790E-05 2.504553E-05 2.944550E-05 3.191359E-05 3.140778E-05 3.142345E-05 2.813167E-05 2.810344E-05 3.324837E-05 2.911335E-05 2.967817E-05 2.634497E-05 2.726522E-05 2.617133E-05 2.777419E-05 2.536984E-05 2.568467E-05 2.622089E-05 2.996489E-05 2.768146E-05 1.808999E-05 6.520390E-09 7.916950E-09 7.902029E-09 7.816170E-09 7.424510E-09 6.406777E-09 7.169393E-09 6.310161E-09
 6.473083E-09 7.598603E-09 7.540055E-09 7.527188E-09 7.370617E-09 6.639269E-09 8.512659E-09 7.688079E-09 1.837977E-05 2.596115E-05 2.685462E-05 2.713013E-05 2.270187E-05 2.116695E-05 2.753854E-05 2.640595E-05 2.436303E-05 3.192852E-05 2.542547E-05 3.055885E-05 3.222998E-05 3.385369E-05 3.102198E-05 2.748006E-05 3.028896E-05 3.160526E-05 2.640109E-05 2.984252E-05 2.455672E-05 2.706170E-05 3.833363E-05 3.697418E-05 3.181942E-05 3.155822E-05 2.934930E-05 2.635424E-05 2.723266E-05 2.654130E-05 2.350166E-05 2.556416E-05 2.732449E-05 1.674814E-05 8.632353E-09 8.811081E-09 8.212176E-09 7.872761E-09 7.349956E-09 7.004542E-09 6.624121E-09 6.048763E-09
 6.825812E-09 6.513498E-09 6.316095E-09 7.768383E-09 7.903944E-09 7.447090E-09 8.136129E-09 7.533087E-09 1.740607E-05 2.798358E-05 2.571740E-05 3.147429E-05 3.502215E-05 3.279594E-05 3.381206E-05 3.175263E-05 3.171113E-05 3.016343E-05 2.900213E-05 2.897101E-05 3.242797E-05 3.428369E-05 3.058183E-05 3.137943E-05 3.503587E-05 3.582192E-05 3.018255E-05 3.148629E-05 3.737893E-05 3.371699E-05 2.857722E-05 3.351620E-05 2.867044E-05 2.879755E-05 3.193768E-05 3.835565E-05 3.284820E-05 2.806141E-05 2.647634E-05 2.789873E-05 2.444978E-05 1.665510E-05 7.723526E-09 9.012611E-09 8.408389E-09 7.895213E-09 7.191907E-09 6.633713E-09 6.994061E-09 6.724649E-09
 6.613384E-09 7.956581E-09 7.815948E-09 7.869960E-09 8.583076E-09 7.959864E-09 7.789987E-09 8.183448E-09 1.653078E-05 3.073031E-05 2.845610E-05 3.044531E-05 2.928360E-05 3.308818E-05 3.188451E-05 3.084823E-05 3.983372E-05 3.947572E-05 3.473338E-05 3.747453E-05 3.137305E-05 3.363248E-05 3.234122E-05 3.349557E-05 3.209980E-05 2.780864E-05 2.879205E-05 3.137627E-05 3.588484E-05 3.555413E-05 3.277764E-05 2.896875E-05 3.218798E-05 3.138849E-05 2.867625E-05 3.388491E-05 3.517750E-05 2.851447E-05 2.667835E-05 2.845362E-05 2.505248E-05 1.592698E-05 7.548427E-09 9.396410E-09 8.689565E-09 8.308375E-09 7.520393E-09 7.177677E-09 7.808466E-09 8.532955E-09
 7.197611E-09 7.707897E-09 8.498720E-09 7.689069E-09 9.017992E-09 9.220028E-09 9.273594E-09 9.394727E-09 1.878545E-05 2.759780E-05 3.313114E-05 3.388656E-05 3.728349E-05 3.166038E-05 3.291050E-05 3.915101E-05 3.708659E-05 3.345189E-05 3.536859E-05 3.262388E-05 3.640716E-05 3.813066E-05 3.175900E-05 3.221252E-05 3.095719E-05 3.407434E-05 3.482731E-05 3.022625E-05 3.127657E-05 3.503718E-05 3.383638E-05 3.368917E-05 3.398511E-05 3.761149E-05 2.982927E-05 3.199053E-05 3.200476E-05 2.742259E-05 2.828689E-05 2.843820E-05 2.568459E-05 1.555221E-05 7.780345E-09 7.342340E-09 8.275490E-09 8.425155E-09 7.079985E-09 8.410109E-09 7.769647E-09 7.238154E-09
 6.717181E-09 7.060203E-09 8.333830E-09 7.310145E-09 8.701767E-09 8.885993E-09 8.881207E-09 9.160414E-09 2.277573E-05 3.757701E-05 2.904022E-05 3.395468E-05 3.725241E-05 3.062976E-05 3.265257E-05 3.674802E-05 3.946691E-05 3.343807E-05 3.818937E-05 3.623857E-05 4.005572E-05 3.522806E-05 3.480084E-05 3.444158E-05 3.082919E-05 3.393190E-05 3.531531E-05 3.452027E-05 3.244410E-05 3.302704E-05 3.423256E-05 3.102629E-05 3.378736E-05 3.802404E-05 3.619886E-05 3.784017E-05 3.151794E-05 4.067649E-05 2.815179E-05 3.069628E-05 3.232419E-05 1.869977E-05 7.884974E-09 8.005086E-09 8.077097E-09 7.518080E-09 7.582120E-09 7.069535E-09 7.360601E-09 6.941012E-09
 7.350160E-09 7.768709E-09 7.671172E-09 6.873604E-09 6.756238E-09 8.976128E-09 9.817019E-09 8.858962E-09 2.046090E-05 2.963946E-05 3.015375E-05 2.695060E-05 3.386458E-05 3.349821E-05 3.581205E-05 3.568357E-05 3.789375E-05 3.605824E-05 3.437192E-05 3.715047E-05 3.164695E-05 3.647567E-05 4.171631E-05 3.417905E-05 3.317356E-05 3.965900E-05 4.325287E-05 3.956931E-05 3.690574E-05 3.643105E-05 3.707018E-05 3.637732E-05 3.367336E-05 3.113815E-05 3.325037E-05 3.676873E-05 3.473518E-05 3.975808E-05 3.326016E-05 2.695434E-05 3.127705E-05 1.912564E-05 9.294295E-09 8.393275E-09 9.035851E-09 8.781729E-09 9.608522E-09 8.624470E-09 9.039611E-09 8.480882E-09
 8.468912E-09 8.442846E-09 8.869495E-09 9.138652E-09 9.852151E-09 1.003968E-08 1.049500E-08 8.640586E-09 2.585565E-05 3.994886E-05 3.746968E-05 3.402859E-05 4.229319E-05 4.064556E-05 4.340292E-05 4.034499E-05 3.579039E-05 4.124330E-05 4.279684E-05 4.378794E-05 4.866027E-05 4.341189E-05 3.941092E-05 4.152259E-05 4.291818E-05 4.398254E-05 4.354048E-05 3.955814E-05 4.238733E-05 4.187604E-05 4.513268E-05 4.202957E-05 4.757004E-05 3.571887E-05 4.394970E-05 3.912707E-05 3.670739E-05 3.371373E-05 3.503902E-05 3.728049E-05 3.988570E-05 2.330554E-05 8.540901E-09 1.012585E-08 1.011385E-08 8.913448E-09 9.802166E-09 8.709688E-09 8.136898E-09 7.820869E-09
 1.537183E-08 1.538655E-08 1.586215E-08 1.636866E-08 1.355680E-08 1.471163E-08 1.577935E-08 1.431941E-08 4.601152E-05 7.179676E-05 7.044772E-05 7.002576E-05 6.949208E-05 7.344967E-05 7.066200E-05 7.424601E-05 7.545414E-05 8.403973E-05 8.163326E-05 7.540234E-05 7.794108E-05 7.618214E-05 7.578674E-05 7.595023E-05 7.851528E-05 7.462387E-05 8.452601E-05 7.443142E-05 7.595947E-05 8.232734E-05 7.509326E-05 7.375567E-05 7.378112E-05 7.028716E-05 8.053695E-05 7.014414E-05 7.017521E-05 6.957533E-05 6.533906E-05 6.790750E-05 6.474788E-05 4.753729E-05 1.508314E-08 1.593237E-08 1.456739E-08 1.483659E-08 1.482860E-08 1.627512E-08 1.468287E-08 1.426409E-08
 2.076376E-08 2.172658E-08 2.100288E-08 2.277602E-08 2.245239E-08 2.022467E-08 2.180657E-08 2.308477E-08 7.202924E-05 1.137087E-04 1.111485E-04 1.120927E-04 1.225663E-04 1.153389E-04 1.217559E-04 1.140648E-04 1.192593E-04 1.201292E-04 1.304851E-04 1.229032E-04 1.079886E-04 1.139005E-04 1.153440E-04 1.154218E-04 1.051363E-04 1.147326E-04 1.153642E-04 1.129764E-04 1.200077E-04 1.086217E-04 1.058478E-04 1.039556E-04 1.154806E-04 1.125214E-04 1.191389E-04 1.051692E-04 1.114442E-04 1.140165E-04 1.040409E-04 1.054343E-04 1.083983E-04 7.243949E-05 2.027923E-08 2.095230E-08 2.324884E-08 2.100496E-08 2.191736E-08 2.071105E-08 1.976581E-08 1.953980E-08
 2.274488E-08 2.420848E-08 2.506940E-08 2.449617E-08 2.265359E-08 2.461532E-08 2.375109E-08 2.270199E-08 7.555119E-05 1.192840E-04 1.206438E-04 1.238607E-04 1.317687E-04 1.256046E-04 1.337003E-04 1.322474E-04 1.334310E-04 1.252846E-04 1.408043E-04 1.286288E-04 1.428898E-04 1.265430E-04 1.324860E-04 1.219325E-04 1.379163E-04 1.462262E-04 1.358291E-04 1.329971E-04 1.301111E-04 1.368490E-04 1.221068E-04 1.314040E-04 1.242294E-04 1.282150E-04 1.339724E-04 1.349882E-04 1.321626E-04 1.302235E-04 1.303593E-04 1.219561E-04 1.205874E-04 7.748201E-05 2.593759E-08 2.677846E-08 2.815620E-08 2.754613E-08 2.513701E-08 2.410314E-08 2.522793E-08 2.425225E-08
 2.273282E-08 2.277106E-08 2.452920E-08 2.491144E-08 2.512143E-08 2.503275E-08 2.517649E-08 2.350798E-08 8.515186E-05 1.288266E-04 1.334024E-04 1.290206E-04 1.392979E-04 1.349096E-04 1.262648E-04 1.282850E-04 1.285796E-04 1.450221E-04 1.232191E-04 1.301913E-04 1.555839E-04 1.393374E-04 1.391269E-04 1.422520E-04 1.195696E-04 1.454861E-04 1.361653E-04 1.309058E-04 1.373377E-04 1.296241E-04 1.192926E-04 1.223538E-04 1.401196E-04 1.272062E-04 1.262572E-04 1.305555E-04 1.332824E-04 1.147054E-04 1.205588E-04 1.270197E-04 1.158266E-04 7.349270E-05 2.287216E-08 2.406345E-08 2.418088E-08 2.334079E-08 2.543794E-08 2.588454E-08 2.528652E-08 2.378626E-08
 2.160498E-08 2.109575E-08 2.089159E-08 2.129436E-08 2.036696E-08 2.192960E-08 2.108056E-08 1.922527E-08 6.683622E-05 1.028806E-04 1.055892E-04 1.106857E-04 9.994375E-05 1.049221E-04 1.163778E-04 1.031147E-04 1.142367E-04 1.202403E-04 1.072638E-04 1.174270E-04 1.259430E-04 1.132188E-04 1.187516E-04 1.307682E-04 1.352484E-04 1.094252E-04 1.043073E-04 1.125981E-04 1.197236E-04 1.063931E-04 1.170778E-04 1.065257E-04 1.025640E-04 1.067778E-04 1.135143E-04 1.086392E-04 1.212448E-04 1.064346E-04 9.880804E-05 1.097727E-04 1.025816E-04 7.447118E-05 2.220801E-08 2.191459E-08 2.236095E-08 2.166864E-08 2.050735E-08 2.087957E-08 2.188165E-08 2.031330E-08
 1.493604E-08 1.505527E-08 1.479147E-08 1.330087E-08 1.333498E-08 1.426586E-08 1.547259E-08 1.543818E-08 4.709026E-05 6.458760E-05 6.802426E-05 6.791112E-05 7.184119E-05 8.407347E-05 8.119603E-05 7.590662E-05 7.646958E-05 7.317057E-05 6.601605E-05 7.976920E-05 7.879391E-05 8.183782E-05 7.864882E-05 7.751672E-05 7.138858E-05 8.727765E-05 7.130153E-05 6.753866E-05 8.612134E-05 7.992114E-05 7.793727E-05 8.720169E-05 7.733947E-05 7.689016E-05 6.956075E-05 7.584644E-05 7.847215E-05 8.387144E-05 7.166271E-05 6.712390E-05 7.185609E-05 4.537363E-05 1.549061E-08 1.523161E-08 1.473405E-08 1.565140E-08 1.324603E-08 1.182878E-08 1.315660E-08 1.463289E-08
 7.310830E-09 7.485879E-09 8.057970E-09 8.509284E-09 8.072443E-09 7.911185E-09 9.173921E-09 9.090694E-09 2.286094E-05 3.437558E-05 3.218363E-05 3.603668E-05 3.798173E-05 4.207538E-05 4.093145E-05 3.895209E-05 3.575491E-05 3.928819E-05 4.434885E-05 4.555527E-05 4.309036E-05 4.860795E-05 4.521930E-05 4.495357E-05 4.265746E-05 3.559615E-05 4.331217E-05 4.424392E-05 4.488744E-05 4.281904E-05 4.521366E-05 4.668260E-05 4.634338E-05 4.072444E-05 4.200111E-05 4.168170E-05 4.510308E-05 3.821363E-05 3.608816E-05 3.470253E-05 3.416012E-05 2.429663E-05 1.014226E-08 1.014533E-08 9.248298E-09 7.758109E-09 8.828602E-09 8.596455E-09 9.134651E-09 1.022913E-08
 7.356916E-09 8.197309E-09 8.915590E-09 8.412324E-09 8.404505E-09 9.038609E-09 9.711712E-09 7.993445E-09 1.912997E-05 3.668019E-05 3.561717E-05 3.654959E-05 3.355745E-05 3.368681E-05 3.847183E-05 3.747244E-05 3.281574E-05 3.730162E-05 4.147820E-05 3.526702E-05 3.857995E-05 3.887024E-05 4.026824E-05 3.975055E-05 3.105028E-05 3.200760E-05 3.911401E-05 3.652445E-05 3.567098E-05 4.202811E-05 3.847125E-05 3.919375E-05 3.781244E-05 4.138748E-05 3.965259E-05 3.615979E-05 2.806893E-05 3.423394E-05 3.935325E-05 3.752872E-05 3.269577E-05 2.262578E-05 9.015585E-09 8.091667E-09 8.843884E-09 8.489406E-09 8.702209E-09 8.661508E-09 7.909036E-09 7.191984E-09
 7.738425E-09 8.164619E-09 8.176039E-09 8.209871E-09 9.550411E-09 8.688877E-09 8.442849E-09 7.874182E-09 1.907241E-05 3.290487E-05 3.211841E-05 3.011971E-05 2.758853E-05 3.406701E-05 2.758370E-05 3.286022E-05 3.253694E-05 3.346933E-05 3.878829E-05 3.344225E-05 4.062270E-05 3.259120E-05 3.063925E-05 2.913790E-05 3.012881E-05 3.495972E-05 4.410103E-05 3.554852E-05 3.075142E-05 3.749772E-05 3.475307E-05 3.422014E-05 3.741800E-05 3.500198E-05 3.134020E-05 3.785375E-05 3.209505E-05 3.205935E-05 3.616840E-05 3.599325E-05 3.038543E-05 1.912159E-05 9.847111E-09 9.158486E-09 8.055886E-09 8.236814E-09 8.412190E-09 8.218355E-09 8.572478E-09 8.179174E-09
 8.501756E-09 7.862839E-09 8.320295E-09 7.840886E-09 7.311719E-09 7.521049E-09 7.757582E-09 8.024549E-09 1.987170E-05 2.663315E-05 2.851340E-05 2.896247E-05 2.761779E-05 3.048118E-05 3.408784E-05 3.408492E-05 3.700262E-05 3.148612E-05 4.036269E-05 4.003981E-05 3.752331E-05 3.991155E-05 3.545824E-05 3.645905E-05 2.809227E-05 3.058060E-05 3.987845E-05 3.564182E-05 3.261011E-05 3.184095E-05 2.635268E-05 2.773282E-05 3.623893E-05 3.422965E-05 3.806793E-05 3.482697E-05 3.806118E-05 3.350402E-05 3.120228E-05 3.019286E-05 2.956595E-05 2.280786E-05 8.831599E-09 8.983606E-09 8.467242E-09 7.823619E-09 8.055498E-09 7.751282E-09 7.258080E-09 6.803071E-09
 7.132835E-09 7.705378E-09 6.893024E-09 8.807047E-09 8.576368E-09 7.940170E-09 8.259088E-09 8.374284E-09 2.117241E-05 3.016044E-05 2.627037E-05 2.858434E-05 3.065070E-05 3.317845E-05 2.819490E-05 2.946497E-05 3.079363E-05 3.009347E-05 3.556410E-05 3.123362E-05 3.227284E-05 3.858161E-05 3.603628E-05 2.894485E-05 3.653427E-05 3.216523E-05 3.522698E-05 2.418257E-05 3.510574E-05 3.258176E-05 2.992846E-05 3.064244E-05 3.095553E-05 3.508451E-05 3.140063E-05 2.897611E-05 3.491686E-05 2.773638E-05 3.646663E-05 2.705458E-05 2.674950E-05 1.780807E-05 8.236497E-09 9.227203E-09 8.444415E-09 7.389592E-09 7.069279E-09 7.771641E-09 8.213283E-09 7.738449E-09
 7.057656E-09 7.655326E-09 6.958187E-09 8.316000E-09 8.589265E-09 7.523718E-09 7.493347E-09 7.635626E-09 1.661510E-05 2.609864E-05 2.625277E-05 2.553246E-05 2.565922E-05 2.914833E-05 2.862099E-05 3.103451E-05 3.007812E-05 3.067383E-05 3.577235E-05 2.778078E-05 3.447940E-05 3.564272E-05 2.799428E-05 3.165689E-05 3.076757E-05 3.115942E-05 3.241858E-05 3.179986E-05 3.235599E-05 3.558274E-05 3.133752E-05 3.073130E-05 3.226464E-05 3.529579E-05 2.668759E-05 3.377317E-05 2.917952E-05 3.146096E-05 2.924314E-05 2.455282E-05 2.269909E-05 1.798046E-05 7.662674E-09 7.550979E-09 7.973974E-09 8.088996E-09 8.823727E-09 8.792412E-09 7.525046E-09 6.909481E-09
 7.119223E-09 6.930316E-09 8.335832E-09 8.914111E-09 7.597416E-09 7.343704E-09 7.487811E-09 7.333153E-09 1.516900E-05 2.886562E-05 3.079406E-05 2.740611E-05 2.704253E-05 3.232826E-05 3.112353E-05 3.047929E-05 3.053464E-05 3.190025E-05 2.786168E-05 2.760555E-05 3.926144E-05 3.077791E-05 3.015227E-05 3.909520E-05 3.277786E-05 3.426995E-05 2.813830E-05 3.075119E-05 3.104684E-05 3.800733E-05 2.795574E-05 3.551286E-05 3.428775E-05 3.240336E-05 3.136265E-05 2.551153E-05 2.555452E-05 2.674288E-05 2.350286E-05 2.991217E-05 2.802822E-05 1.865329E-05 9.907949E-09 7.197878E-09 7.114952E-09 7.982444E-09 7.375534E-09 7.482023E-09 6.687561E-09 6.236683E-09
 6.910362E-09 7.789462E-09 8.678917E-09 7.252258E-09 6.968036E-09 7.649321E-09 7.100647E-09 7.415913E-09 1.849606E-05 2.863146E-05 3.137375E-05 3.109148E-05 2.879816E-05 3.035861E-05 2.895520E-05 3.144557E-05 3.479290E-05 3.089687E-05 2.928207E-05 3.347243E-05 4.007713E-05 3.224183E-05 3.285316E-05 3.401772E-05 3.418971E-05 3.716520E-05 3.112843E-05 3.457115E-05 2.981695E-05 2.915840E-05 3.013640E-05 2.949598E-05 2.729576E-05 2.913764E-05 3.019039E-05 2.351600E-05 2.696195E-05 2.273167E-05 2.322124E-05 3.456158E-05 2.924896E-05 1.814789E-05 8.062379E-09 7.619893E-09 7.088994E-09 6.246046E-09 7.907248E-09 6.975799E-09 6.732033E-09 6.846144E-09
 5.542010E-09 6.620485E-09 5.873707E-09 6.760760E-09 8.000011E-09 7.836677E-09 7.954497E-09 7.900802E-09 1.855310E-05 3.319959E-05 3.003348E-05 3.376096E-05 3.071882E-05 2.451136E-05 2.835638E-05 2.275531E-05 2.972969E-05 2.325578E-05 2.593492E-05 2.951680E-05 3.614210E-05 3.158480E-05 2.994463E-05 3.122423E-05 2.905663E-05 3.851671E-05 3.551725E-05 3.339393E-05 3.195641E-05 3.123435E-05 3.175526E-05 2.934505E-05 2.686604E-05 3.140373E-05 3.198938E-05 2.823270E-05 2.646584E-05 2.690783E-05 2.162189E-05 2.421221E-05 2.705771E-05 1.661261E-05 8.398285E-09 8.466257E-09 8.737539E-09 7.907652E-09 6.847935E-09 7.720858E-09 7.072153E-09 6.708850E-09
 6.087354E-09 6.571822E-09 6.217571E-09 6.465937E-09 6.751704E-09 7.721271E-09 8.100952E-09 7.620298E-09 2.112682E-05 2.701554E-05 2.452928E-05 2.917066E-05 2.467198E-05 2.976472E-05 2.789300E-05 2.757567E-05 3.502425E-05 2.673536E-05 3.168409E-05 2.739797E-05 3.134999E-05 3.140376E-05 3.026349E-05 2.483040E-05 3.152763E-05 2.974808E-05 2.741162E-05 3.172031E-05 2.853547E-05 3.019139E-05 2.404257E-05 2.769690E-05 2.527760E-05 2.740645E-05 3.058545E-05 3.334933E-05 2.594224E-05 2.624896E-05 2.368315E-05 2.805731E-05 2.195029E-05 1.438637E-05 7.951012E-09 8.023544E-09 7.758817E-09 7.375426E-09 7.639067E-09 7.297346E-09 7.102888E-09 6.866427E-09
 6.686085E-09 6.836122E-09 5.910070E-09 5.572185E-09 6.027268E-09 6.719066E-09 7.067635E-09 6.836787E-09 1.825230E-05 2.415974E-05 2.638341E-05 2.218116E-05 3.172263E-05 2.733395E-05 2.698604E-05 3.026841E-05 3.051802E-05 2.581420E-05 2.791028E-05 2.916582E-05 2.809160E-05 2.624496E-05 2.991619E-05 3.217536E-05 2.846407E-05 2.498982E-05 2.133387E-05 2.686303E-05 2.940064E-05 3.017896E-05 2.624936E-05 2.340008E-05 2.535357E-05 2.633886E-05 3.134326E-05 2.868617E-05 2.618291E-05 2.733183E-05 2.533926E-05 2.451150E-05 2.190313E-05 1.590513E-05 7.483500E-09 7.844964E-09 7.069683E-09 6.327327E-09 6.562544E-09 6.900150E-09 5.895500E-09 6.686346E-09
 6.668973E-09 5.988768E-09 6.814215E-09 7.440240E-09 6.257433E-09 6.951665E-09 7.137004E-09 6.594726E-09 1.570953E-05 2.267584E-05 2.541241E-05 2.315299E-05 2.654673E-05 3.243917E-05 2.923379E-05 2.703878E-05 3.007554E-05 3.084915E-05 2.993332E-05 2.305390E-05 2.722811E-05 2.293053E-05 2.570412E-05 3.068521E-05 2.945570E-05 2.909225E-05 2.458682E-05 2.704518E-05 3.102896E-05 2.686828E-05 2.672141E-05 1.954671E-05 2.614797E-05 2.526539E-05 2.440381E-05 2.749939E-05 2.492269E-05 2.874363E-05 2.565501E-05 2.371952E-05 1.897570E-05 1.607632E-05 7.161235E-09 7.092633E-09 8.089883E-09 6.634378E-09 6.121486E-09 6.669740E-09 6.884686E-09 6.847821E-09
 5.592159E-09 5.578965E-09 5.901575E-09 6.652282E-09 7.043085E-09 7.121273E-09 6.482562E-09 6.714251E-09 1.436200E-05 2.833773E-05 2.802904E-05 2.418955E-05 2.459952E-05 2.941027E-05 3.081935E-05 2.649063E-05 3.094330E-05 3.586418E-05 2.983944E-05 2.629684E-05 3.267731E-05 2.856877E-05 2.885440E-05 2.518144E-05 2.939965E-05 2.883892E-05 2.783731E-05 3.047923E-05 2.878723E-05 2.845225E-05 2.521430E-05 2.089245E-05 2.717082E-05 3.178578E-05 3.006806E-05 2.806719E-05 2.519721E-05 2.938337E-05 2.994270E-05 2.411956E-05 2.115701E-05 1.447989E-05 7.569561E-09 7.177544E-09 6.635761E-09 7.210964E-09 6.186779E-09 6.305498E-09 6.346720E-09 6.688719E-09
 5.342600E-09 5.960750E-09 5.188095E-09 7.063317E-09 7.233897E-09 6.765259E-09 6.136691E-09 7.369363E-09 1.595294E-05 2.490807E-05 2.624224E-05 2.255293E-05 2.651864E-05 2.782930E-05 2.348395E-05 2.339038E-05 2.822122E-05 3.015268E-05 2.834364E-05 2.983216E-05 3.240315E-05 2.441478E-05 2.970441E-05 2.628733E-05 3.139333E-05 3.076279E-05 2.839453E-05 2.902496E-05 3.015600E-05 3.184880E-05 3.314592E-05 2.226399E-05 2.176680E-05 3.174951E-05 2.933812E-05 2.971983E-05 2.531944E-05 2.344837E-05 2.372031E-05 2.610428E-05 2.132387E-05 1.569253E-05 5.491734E-09 7.427812E-09 7.023932E-09 7.423765E-09 7.147901E-09 6.516840E-09 4.737438E-09 6.463063E-09
 6.658989E-09 5.036196E-09 5.154007E-09 6.823882E-09 6.750132E-09 5.973857E-09 7.303020E-09 6.125223E-09 1.620053E-05 1.997271E-05 2.707296E-05 2.869708E-05 2.630210E-05 2.276624E-05 2.298586E-05 2.062917E-05 2.529463E-05 3.073240E-05 2.601925E-05 2.981199E-05 2.787199E-05 2.787209E-05 2.919046E-05 2.530344E-05 2.878631E-05 2.708786E-05 2.535161E-05 2.801561E-05 2.563106E-05 2.966982E-05 2.379127E-05 2.533038E-05 2.788355E-05 2.372614E-05 2.893232E-05 2.413217E-05 2.681297E-05 2.437561E-05 2.422769E-05 2.671880E-05 2.440624E-05 1.759730E-05 5.896186E-09 6.450578E-09 6.496018E-09 6.983378E-09 6.670696E-09 6.900147E-09 5.889530E-09 4.900266E-09
 5.322890E-09 6.161243E-09 6.718668E-09 6.532320E-09 6.082119E-09 5.912471E-09 6.752279E-09 5.745407E-09 1.483181E-05 2.232891E-05 2.425064E-05 2.443592E-05 2.420781E-05 2.381049E-05 3.033581E-05 2.803089E-05 3.168884E-05 3.125514E-05 2.496463E-05 2.341536E-05 2.322284E-05 2.685968E-05 2.677256E-05 2.689137E-05 2.839167E-05 2.283669E-05 2.551740E-05 2.409642E-05 2.945979E-05 2.556941E-05 2.388752E-05 3.061425E-05 2.599716E-05 2.798304E-05 3.040554E-05 2.482450E-05 2.411518E-05 2.557007E-05 2.171462E-05 2.009468E-05 2.169257E-05 1.511439E-05 6.816700E-09 6.470701E-09 6.120760E-09 6.246601E-09 5.970810E-09 5.730826E-09 5.761490E-09 5.277861E-09
 6.156577E-09 5.609912E-09 5.865841E-09 6.347723E-09 5.546396E-09 5.436895E-09 6.227902E-09 4.667674E-09 1.411010E-05 2.194874E-05 2.449892E-05 2.319873E-05 2.568373E-05 2.504590E-05 3.392237E-05 3.083116E-05 3.132663E-05 2.511315E-05 2.498965E-05 2.395444E-05 2.780107E-05 2.668512E-05 2.883939E-05 2.475307E-05 2.878994E-05 2.302988E-05 2.697565E-05 2.463708E-05 2.737147E-05 2.664384E-05 2.326111E-05 2.630000E-05 2.764363E-05 2.078792E-05 3.172637E-05 2.376821E-05 2.311706E-05 2.819236E-05 2.398203E-05 2.591445E-05 2.029597E-05 1.182080E-05 5.767367E-09 6.295920E-09 6.696204E-09 5.666033E-09 6.360696E-09 6.389184E-09 4.974062E-09 4.652104E-09
 4.630838E-09 5.396849E-09 6.022396E-09 5.546023E-09 5.042633E-09 6.429176E-09 5.469291E-09 5.832781E-09 1.309825E-05 2.417387E-05 2.042737E-05 2.355564E-05 2.000719E-05 1.891257E-05 2.785775E-05 2.140863E-05 2.787074E-05 2.569759E-05 2.377437E-05 2.553175E-05 3.114120E-05 2.725946E-05 2.970560E-05 2.257542E-05 2.703407E-05 2.204918E-05 2.646302E-05 2.443886E-05 2.351966E-05 2.395303E-05 2.188974E-05 2.143238E-05 2.388649E-05 2.272039E-05 2.855997E-05 2.655386E-05 2.465458E-05 2.358425E-05 2.543406E-05 2.239686E-05 2.428844E-05 1.326044E-05 6.233512E-09 6.397625E-09 6.245904E-09 5.462343E-09 5.982541E-09 6.414187E-09 6.703418E-09 5.349879E-09
 5.237578E-09 5.173492E-09 6.263577E-09 5.211583E-09 5.653777E-09 5.500922E-09 5.250691E-09 5.390355E-09 1.406000E-05 1.782073E-05 1.879706E-05 1.838204E-05 2.089669E-05 2.115497E-05 2.361182E-05 2.236251E-05 2.317400E-05 2.353270E-05 2.263042E-05 2.296566E-05 2.893695E-05 2.406904E-05 2.770871E-05 2.565261E-05 2.265147E-05 2.448359E-05 2.540499E-05 2.208807E-05 2.517469E-05 2.375967E-05 2.411884E-05 2.839171E-05 2.655233E-05 2.262764E-05 2.495700E-05 3.010607E-05 2.696675E-05 1.990691E-05 2.521266E-05 2.134099E-05 2.273742E-05 1.504238E-05 6.558105E-09 6.612626E-09 6.479382E-09 6.000836E-09 4.704795E-09 5.028829E-09 5.989275E-09 5.244807E-09
 5.413099E-09 5.418225E-09 5.950551E-09 6.662287E-09 6.169556E-09 4.708923E-09 5.527022E-09 5.778171E-09 1.577230E-05 1.892615E-05 2.206157E-05 2.011705E-05 2.323493E-05 2.007613E-05 2.574121E-05 2.054719E-05 2.030335E-05 2.538576E-05 2.129191E-05 2.017038E-05 2.477632E-05 2.719005E-05 2.339254E-05 2.187135E-05 2.580227E-05 2.531573E-05 2.529776E-05 2.034915E-05 2.556614E-05 2.205429E-05 2.459809E-05 2.578656E-05 2.591006E-05 2.216393E-05 2.017157E-05 2.437705E-05 2.588601E-05 2.172575E-05 1.950725E-05 2.440221E-05 1.769510E-05 1.534203E-05 6.437112E-09 5.741188E-09 6.046365E-09 6.995523E-09 5.474983E-09 4.619064E-09 4.787257E-09 5.207372E-09
 4.522662E-09 5.160148E-09 5.574315E-09 4.914503E-09 4.783670E-09 4.881363E-09 6.140428E-09 4.747642E-09 1.156232E-05 1.997801E-05 2.059244E-05 1.937544E-05 1.894513E-05 2.116368E-05 2.357863E-05 2.076586E-05 2.465894E-05 2.410868E-05 2.042637E-05 2.414917E-05 2.151017E-05 2.488767E-05 2.040613E-05 1.965687E-05 2.224602E-05 2.191534E-05 2.147603E-05 2.159937E-05 2.217021E-05 2.581599E-05 2.810249E-05 2.287359E-05 2.928770E-05 2.617935E-05 2.366563E-05 2.145940E-05 2.167287E-05 2.449369E-05 1.939932E-05 1.879764E-05 1.576579E-05 9.193998E-06 5.176209E-09 5.103023E-09 5.327029E-09 5.966512E-09 5.656032E-09 4.700396E-09 4.477646E-09 4.843861E-09
 5.122450E-09 4.729748E-09 4.943710E-09 5.304478E-09 4.954969E-09 4.680010E-09 5.250349E-09 4.615375E-09 1.468123E-05 2.421191E-05 2.002159E-05 1.843270E-05 1.968179E-05 2.076329E-05 1.716341E-05 2.383584E-05 2.136008E-05 2.132334E-05 1.916859E-05 2.474272E-05 2.097679E-05 2.152573E-05 2.295479E-05 2.187195E-05 2.015574E-05 2.154267E-05 2.035276E-05 1.748038E-05 2.312960E-05 2.219452E-05 2.496123E-05 2.082015E-05 2.530901E-05 2.447583E-05 2.556100E-05 2.377892E-05 2.323573E-05 1.895190E-05 1.948352E-05 2.076569E-05 1.593673E-05 1.232192E-05 4.118695E-09 5.399683E-09 5.270579E-09 5.448146E-09 5.177977E-09 5.212208E-09 4.344970E-09 4.731236E-09
     0.112694     0.122785     0.111842     0.104681     0.109770     0.105737     0.111373     0.120157     0.130557     0.119586     0.100865     0.105770     0.106340     0.107195     0.118570     0.115371     0.106917     0.105471     0.110802     0.104326     0.114291     0.101428     0.105841     0.107635     0.111119     0.105994     0.106503     0.113386     0.100580     0.104513     0.105432     0.118481     0.106458     0.106703     0.116267     0.107268     0.107806     0.115980     0.111575     0.111731     0.113988     0.130085     0.108443     0.105758     0.108618     0.100496     0.111676     0.136590     0.107667     0.114871
     0.097140     0.114157     0.111320     0.103139     0.106097     0.102481     0.108450     0.117034     0.122105     0.119038     0.111339     0.121631     0.115504     0.116502     0.107312     0.112810     0.109536     0.103496     0.104167     0.105256     0.100103     0.103579     0.099778     0.108269     0.109537     0.102495     0.102757     0.105962     0.100932     0.103347     0.108976     0.109767     0.106033     0.101145     0.111428     0.105986     0.118582     0.106218     0.110128     0.106602     0.112945     0.126580     0.109909     0.099058     0.103165     0.102763     0.110141     0.112967     0.105514     0.103653
     0.096803     0.106912     0.111016     0.107639     0.107170     0.097388     0.101994     0.107695     0.128164     0.105090     0.117625     0.111436     0.108101     0.106000     0.101204     0.110848     0.104897     0.102207     0.106657     0.103040     0.099170     0.100661     0.094496     0.096440     0.097719     0.095998     0.102005     0.107154     0.105864     0.106661     0.104424     0.102940     0.106029     0.098261     0.100886     0.100005     0.098527     0.097688     0.102031     0.104848     0.105713     0.119959     0.096831     0.105854     0.110485     0.104888     0.105130     0.107942     0.103468     0.101955
     0.104633     0.106017     0.103353     0.101932     0.101189     0.096796     0.101352     0.099279     0.121959     0.104855     0.102231     0.103603     0.106661     0.105811     0.105189     0.099827     0.110031     0.106726     0.098622     0.102551     0.104733     0.105535     0.100264     0.101634     0.097704     0.100177     0.099742     0.103050     0.096690     0.095612     0.101260     0.094900     0.095406     0.104775     0.104442     0.102571     0.103638     0.099395     0.102289     0.098968     0.098695     0.115220     0.097868     0.098346     0.095486     0.097871     0.094475     0.101569     0.098907     0.108799
     0.111052     0.116362     0.097376     0.103525     0.091039     0.095776     0.097975     0.099683     0.125794     0.109532     0.106666     0.109290     0.114895     0.099499     0.097301     0.098949     0.097039     0.108856     0.106972     0.113624     0.108703     0.100685     0.101222     0.097183     0.100782     0.105630     0.108097     0.098700     0.097313     0.100453     0.103042     0.102599     0.098835     0.102418     0.105775     0.098867     0.097676     0.094274     0.102149     0.104664     0.107053     0.112962     0.102301     0.094228     0.092494     0.092693     0.099066     0.107288     0.102251     0.095586
     0.105483     0.096484     0.092068     0.101410     0.104200     0.100079     0.092177     0.093673     0.112872     0.121021     0.107158     0.107956     0.099847     0.103502     0.098444     0.100522     0.096366     0.096453     0.102220     0.106631     0.114718     0.112153     0.109228     0.103118     0.103653     0.105104     0.099451     0.102599     0.096039     0.111792     0.101471     0.097185     0.095914     0.100124     0.094250     0.113149     0.104512     0.101085     0.111788     0.112959     0.112269     0.113434     0.082084     0.093904     0.101134     0.096440     0.094741     0.100862     0.094993     0.103553
     0.097602     0.094944     0.100381     0.091972     0.091267     0.084652     0.088860     0.088324     0.122814     0.105496     0.114664     0.111058     0.105420     0.112119     0.091347     0.088638     0.095290     0.089326     0.096065     0.107723     0.105662     0.105272     0.097019     0.100876     0.091599     0.096902     0.108337     0.103797     0.099609     0.102886     0.094024     0.099281     0.099849     0.097140     0.108510     0.100586     0.101654     0.114343     0.105672     0.119923     0.098265     0.115114     0.091142     0.098005     0.097327     0.098402     0.087379     0.091098     0.099024     0.094466
     0.093807     0.103585     0.107004     0.087285     0.079851     0.094236     0.097583     0.112602     0.117895     0.100335     0.095413     0.104382     0.104278     0.101830     0.101022     0.096832     0.106754     0.099539     0.103796     0.103269     0.104501     0.105372     0.099680     0.105124     0.101121     0.098689     0.105235     0.105764     0.088739     0.094655     0.100400     0.109039     0.104355     0.103434     0.103347     0.102896     0.108201     0.114256     0.103451     0.108101     0.112638     0.112926     0.092545     0.103773     0.109509     0.094153     0.111247     0.093335     0.096005     0.114824
     0.101792     0.094732     0.107130     0.088641     0.086799     0.083192     0.090401     0.102074     0.123379     0.116145     0.115122     0.100687     0.094339     0.105520     0.098710     0.096142     0.104845     0.105864     0.092986     0.103041     0.108808     0.104502     0.102639     0.094663     0.105315     0.101057     0.096411     0.104982     0.098906     0.094028     0.096651     0.098341     0.095010     0.105110     0.106076     0.103506     0.106700     0.104907     0.104975     0.106969     0.107842     0.121033     0.090369     0.102126     0.089907     0.100565     0.107555     0.085946     0.096275     0.105400
     0.086941     0.091064     0.090170     0.096534     0.086462     0.090764     0.100938     0.085390     0.127253     0.110826     0.112361     0.106419     0.110818     0.105606     0.108752     0.093641     0.100992     0.109837     0.103635     0.108720     0.112575     0.101178     0.105063     0.099465     0.093571     0.092512     0.087564     0.103383     0.111533     0.101670     0.101217     0.098609     0.105577     0.104585     0.093358     0.097253     0.095732     0.096740     0.104360     0.104712     0.107011     0.130586     0.082254     0.089578     0.090400     0.093466     0.093502     0.095469     0.090277     0.100558
     0.103008     0.097729     0.095579     0.093884     0.094625     0.083444     0.093937     0.091674     0.122212     0.103641     0.111759     0.108053     0.104531     0.098682     0.104531     0.096980     0.101632     0.093601     0.092128     0.099400     0.096704     0.104326     0.105439     0.119637     0.109944     0.101826     0.103393     0.100960     0.107534     0.108896     0.101424     0.109299     0.101292     0.089513     0.104652     0.102815     0.095556     0.103906     0.108901     0.108461     0.111196     0.114530     0.089547     0.085102     0.086666     0.093774     0.091923     0.090748     0.086396     0.104755
     0.091978     0.087286     0.084990     0.091601     0.100963     0.092313     0.089778     0.086021     0.122495     0.099160     0.101660     0.097345     0.102572     0.108629     0.111400     0.102806     0.106018     0.104349     0.100307     0.092818     0.099144     0.105098     0.108967     0.107578     0.094638     0.108080     0.100785     0.097640     0.104296     0.103235     0.099621     0.112172     0.111351     0.106128     0.090131     0.110620     0.103394     0.100933     0.099770     0.097881     0.106871     0.115374     0.079085     0.080600     0.085115     0.083346     0.100111     0.095970     0.097502     0.096253
     0.093843     0.086357     0.083012     0.085591     0.093902     0.095972     0.084208     0.106967     0.112587     0.105870     0.091498     0.093185     0.103054     0.099035     0.104900     0.103981     0.108675     0.113955     0.107717     0.101132     0.098389     0.114040     0.101567     0.103174     0.105014     0.099438     0.097174     0.106713     0.113750     0.094993     0.105103     0.107249     0.115005     0.110396     0.112993     0.101554     0.101192     0.100289     0.093509     0.105578     0.111761     0.125903     0.082675     0.080899     0.091999     0.089065     0.089107     0.095327     0.091832     0.089659
     0.082356     0.089260     0.086230     0.078404     0.093179     0.087523     0.091111     0.078647     0.110805     0.110109     0.099079     0.104159     0.101802     0.104362     0.100688     0.098095     0.100131     0.104821     0.100874     0.098516     0.105354     0.111212     0.104744     0.102639     0.106364     0.107392     0.096963     0.122672     0.110008     0.107333     0.112565     0.095282     0.101492     0.120589     0.107142     0.104314     0.109509     0.096076     0.097337     0.103831     0.091056     0.127848     0.082405     0.097377     0.091923     0.095476     0.088330     0.090278     0.090524     0.090561
     0.081869     0.096608     0.088447     0.083743     0.092185     0.091393     0.093134     0.088588     0.119276     0.100511     0.101993     0.087439     0.103854     0.103128     0.100396     0.099659     0.102889     0.089636     0.088579     0.100142     0.096970     0.101040     0.088796     0.109160     0.114865     0.106445     0.105511     0.107224     0.112571     0.103971     0.096793     0.100705     0.096875     0.093180     0.104784     0.109803     0.103969     0.096347     0.106839     0.103826     0.110104     0.104361     0.082832     0.083886     0.084869     0.093484     0.084129     0.098675     0.096252     0.111975
     0.092916     0.085516     0.089790     0.086519     0.087266     0.084301     0.101810     0.088199     0.105450     0.097071     0.104290     0.098149     0.100547     0.099868     0.105413     0.103821     0.108751     0.107876     0.111926     0.105977     0.093808     0.099061     0.104934     0.093414     0.103873     0.108798     0.099310     0.101793     0.104757     0.101810     0.112647     0.105119     0.096765     0.104070     0.095468     0.093991     0.092789     0.097540     0.105289     0.096247     0.104280     0.114818     0.091619     0.091902     0.092953     0.087011     0.085851     0.089868     0.084722     0.087571
     0.085785     0.076110     0.079462     0.086665     0.086443     0.092709     0.085306     0.088725     0.103232     0.096943     0.096403     0.090901     0.107718     0.098496     0.101594     0.098284     0.101589     0.103140     0.098902     0.097085     0.103907     0.106239     0.104524     0.091393     0.098006     0.106452     0.108433     0.110160     0.108538     0.103163     0.092724     0.097990     0.095344     0.101879     0.093885     0.100606     0.099492     0.107883     0.101841     0.098070     0.100298     0.125782     0.085995     0.093254     0.084479     0.084844     0.083958     0.080933     0.089107     0.082987
     0.081255     0.089863     0.089159     0.084345     0.088708     0.095594     0.083907     0.087594     0.104491     0.106650     0.101626     0.090243     0.104128     0.094003     0.091134     0.097320     0.099340     0.100459     0.091661     0.101021     0.106780     0.094327     0.096726     0.101671     0.105283     0.090361     0.097577     0.093644     0.105390     0.095943     0.105236     0.095683     0.105595     0.099562     0.093911     0.092954     0.095174     0.099735     0.104925     0.097734     0.094776     0.115716     0.084098     0.087326     0.085574     0.090763     0.087373     0.091063     0.087140     0.082940
     0.089314     0.085452     0.084120     0.084306     0.082979     0.078631     0.075424     0.084723     0.101495     0.097358     0.098569     0.094318     0.096549     0.096081     0.097259     0.098075     0.091081     0.095735     0.098321     0.095648     0.089905     0.102723     0.107510     0.090810     0.100202     0.107902     0.098859     0.095691     0.105374     0.110999     0.096242     0.098620     0.108501     0.101591     0.097954     0.096335     0.104808     0.099734     0.102073     0.092387     0.099154     0.119561     0.092554     0.092732     0.087027     0.089134     0.081240     0.097005     0.082451     0.082523
     0.084947     0.084561     0.087991     0.087026     0.085021     0.079838     0.081985     0.089228     0.099474     0.093060     0.094986     0.097101     0.100048     0.095476     0.098436     0.094977     0.092243     0.083274     0.094502     0.091814     0.100417     0.091319     0.089504     0.096618     0.098487     0.106463     0.102863     0.088386     0.076372     0.091411     0.088605     0.095652     0.092246     0.101785     0.095202     0.094755     0.085967     0.099432     0.084771     0.090669     0.099087     0.103668     0.086587     0.092367     0.090041     0.081947     0.080218     0.086305     0.081939     0.081753
     0.085781     0.087798     0.086767     0.082030     0.071904     0.079222     0.085516     0.083204     0.101523     0.095692     0.091219     0.093760     0.105359     0.092706     0.096251     0.092175     0.086298     0.093355     0.089573     0.096546     0.088295     0.100750     0.094588     0.084407     0.090089     0.099933     0.095165     0.089205     0.083486     0.102688     0.114143     0.094340     0.098879     0.078784     0.081032     0.088478     0.085019     0.089751     0.086188     0.080689     0.084442     0.107914     0.087960     0.080184     0.085786     0.086430     0.085145     0.082591     0.086469     0.089421
     0.083599     0.080768     0.087520     0.074490     0.079850     0.075639     0.083534     0.074862     0.098310     0.089109     0.084353     0.081241     0.086313     0.087323     0.084732     0.082120     0.077924     0.084022     0.086285     0.089536     0.091509     0.084163     0.079628     0.085552     0.085923     0.093611     0.080207     0.083644     0.087016     0.082630     0.088967     0.085797     0.090566     0.087150     0.083821     0.088866     0.090406     0.077401     0.080462     0.079294     0.093718     0.090794     0.078203     0.080455     0.084160     0.077287     0.080789     0.076592     0.080955     0.079906
     0.064903     0.063879     0.063309     0.064980     0.062922     0.066881     0.068629     0.069492     0.073230     0.068803     0.068587     0.068383     0.069333     0.065208     0.069130     0.066078     0.069189     0.072196     0.071377     0.076186     0.076999     0.080226     0.076352     0.075880     0.075769     0.074805     0.076409     0.080952     0.072689     0.078271     0.076499     0.071027     0.073868     0.067445     0.069929     0.068315     0.070198     0.070752     0.071895     0.067312     0.074497     0.076999     0.068861     0.067597     0.063167     0.061405     0.062108     0.063882     0.062550     0.063614
     0.054070     0.059344     0.060099     0.059902     0.060959     0.062050     0.059778     0.062333     0.060562     0.056677     0.057044     0.055860     0.057754     0.057098     0.057474     0.061255     0.061082     0.062509     0.057365     0.065008     0.061587     0.064442     0.065039     0.066498     0.065837     0.068393     0.064293     0.065376     0.061742     0.065231     0.065027     0.065387     0.064543     0.060848     0.059458     0.061043     0.061310     0.060440     0.059045     0.058117     0.057037     0.060929     0.062686     0.061598     0.062409     0.055730     0.058617     0.060625     0.058906     0.057109
     0.054162     0.053778     0.053052     0.054678     0.056657     0.059423     0.060471     0.063253     0.060354     0.053907     0.055101     0.055489     0.053483     0.054566     0.055723     0.055980     0.058544     0.058090     0.060106     0.057573     0.061336     0.060471     0.062647     0.064417     0.063210     0.061676     0.059935     0.062598     0.063855     0.060737     0.059985     0.056874     0.061094     0.056204     0.056251     0.057201     0.054695     0.055545     0.054166     0.053616     0.055083     0.057629     0.059693     0.056999     0.057476     0.055276     0.053071     0.053103     0.052456     0.051530
     0.054616     0.054903     0.056449     0.054828     0.059426     0.057875     0.059195     0.059296     0.058553     0.053141     0.054440     0.055095     0.054078     0.054282     0.054215     0.057291     0.057487     0.056639     0.062048     0.061478     0.059527     0.065693     0.060805     0.063085     0.062541     0.063037     0.061586     0.063488     0.065097     0.064381     0.065144     0.060976     0.057357     0.060456     0.059420     0.058340     0.057940     0.055556     0.056143     0.055725     0.056389     0.059574     0.058713     0.057354     0.056249     0.056517     0.056493     0.055465     0.052945     0.054717
     0.058195     0.056621     0.057303     0.057712     0.060118     0.060351     0.060764     0.063354     0.062619     0.059281     0.056111     0.059434     0.058324     0.058620     0.059466     0.060497     0.059670     0.062707     0.061948     0.060856     0.061567     0.066714     0.062601     0.064002     0.064466     0.060937     0.067833     0.064391     0.067725     0.065415     0.067110     0.065439     0.062713     0.061406     0.059933     0.062540     0.060183     0.057528     0.056624     0.055725     0.058502     0.059245     0.060606     0.060352     0.062454     0.058922     0.059805     0.062710     0.061666     0.058614
     0.065221     0.069484     0.067367     0.066578     0.063643     0.063478     0.065674     0.071544     0.073806     0.070003     0.069611     0.065651     0.068536     0.070902     0.072963     0.071803     0.072735     0.068734     0.074082     0.069783     0.076646     0.075234     0.071420     0.072845     0.079174     0.073851     0.077487     0.073654     0.075491     0.073039     0.071322     0.071445     0.069231     0.074315     0.067473     0.068431     0.067375     0.067454     0.069305     0.069769     0.066585     0.071020     0.067180     0.067187     0.068109     0.067360     0.068332     0.069357     0.067240     0.068141
     0.078623     0.073627     0.085138     0.080666     0.074563     0.075993     0.079294     0.081202     0.107454     0.088771     0.081752     0.085209     0.078698     0.083802     0.084199     0.076817     0.083314     0.085040     0.083045     0.079736     0.088935     0.083275     0.090367     0.097135     0.081552     0.071611     0.094128     0.088139     0.086740     0.083462     0.092684     0.079673     0.086303     0.084320     0.074333     0.084525     0.093611     0.078930     0.083387     0.083346     0.090156     0.096028     0.083278     0.078796     0.078869     0.075355     0.074953     0.082916     0.080929     0.085604
     0.075867     0.081202     0.081264     0.084544     0.078081     0.081215     0.090947     0.073098     0.101171     0.097082     0.092574     0.096236     0.088574     0.081646     0.092488     0.093418     0.094617     0.100434     0.104573     0.093896     0.090481     0.095252     0.095770     0.089598     0.092504     0.086647     0.095122     0.097187     0.090836     0.090797     0.087228     0.094542     0.086016     0.106395     0.084642     0.099342     0.088353     0.082912     0.078694     0.087867     0.091457     0.096218     0.075192     0.086234     0.082391     0.081897     0.085330     0.092312     0.083124     0.080573
     0.081493     0.082496     0.088894     0.076729     0.084986     0.085561     0.081381     0.083834     0.100459     0.085985     0.095299     0.103442     0.090494     0.092772     0.087827     0.090414     0.103407     0.098113     0.100683     0.085570     0.095658     0.090465     0.092145     0.098815     0.101040     0.096556     0.093200     0.099186     0.086643     0.103339     0.095290     0.096444     0.097263     0.094178     0.086161     0.100666     0.093511     0.092614     0.089179     0.088005     0.099016     0.098748     0.082539     0.078633     0.079443     0.078244     0.082058     0.089569     0.082890     0.081844
     0.089352     0.083643     0.085032     0.079628     0.081535     0.078058     0.089339     0.085928     0.101015     0.093575     0.086264     0.088699     0.093848     0.091148     0.105773     0.094833     0.108956     0.100791     0.104925     0.106644     0.098300     0.102387     0.096758     0.101256     0.095068     0.101220     0.097835     0.096075     0.098378     0.104481     0.091214     0.091180     0.104729     0.090602     0.105819     0.091596     0.093865     0.091608     0.095068     0.102182     0.095177     0.111455     0.078333     0.078733     0.091504     0.087846     0.084972     0.085081     0.084104     0.084409
     0.085088     0.086181     0.082586     0.086168     0.082442     0.088127     0.082761     0.079607     0.112716     0.095548     0.100130     0.099653     0.102111     0.097158     0.095134     0.097692     0.100713     0.096996     0.089993     0.088870     0.083437     0.091350     0.095753     0.088386     0.100079     0.099527     0.109629     0.091758     0.113271     0.113134     0.107612     0.105271     0.094307     0.105878     0.093731     0.106300     0.105654     0.111339     0.110403     0.098834     0.106333     0.112758     0.078908     0.085653     0.094759     0.078433     0.078899     0.084682     0.086882     0.085758
     0.089321     0.086586     0.077347     0.078456     0.080414     0.092417     0.082917     0.085757     0.106768     0.094576     0.113224     0.103130     0.107319     0.106453     0.092547     0.095865     0.105736     0.095632     0.109165     0.097272     0.106595     0.109595     0.092287     0.111309     0.103368     0.107772     0.111880     0.102242     0.099227     0.099902     0.097699     0.105522     0.099054     0.110850     0.104177     0.114690     0.099203     0.102987     0.110600     0.091767     0.095384     0.118951     0.088715     0.086473     0.075572     0.086819     0.084246     0.088964     0.086990     0.092260
     0.091620     0.073638     0.078053     0.081543     0.090757     0.091446     0.089317     0.093467     0.098127     0.105565     0.101496     0.092690     0.102182     0.091976     0.098351     0.099284     0.098718     0.101660     0.090152     0.105555     0.104008     0.115324     0.102579     0.109701     0.106236     0.104509     0.110049     0.104099     0.097960     0.102769     0.109022     0.111742     0.102364     0.093955     0.098375     0.108851     0.092279     0.104900     0.099715     0.108657     0.105552     0.111206     0.091971     0.084763     0.085913     0.094985     0.072895     0.088134     0.090198     0.081961
     0.092602     0.088985     0.085565     0.081926     0.090686     0.081067     0.084807     0.090055     0.114467     0.094517     0.095994     0.099991     0.098045     0.099805     0.092143     0.092771     0.103520     0.110403     0.102386     0.109964     0.109422     0.112493     0.108517     0.101283     0.095353     0.090033     0.098092     0.101393     0.099354     0.098681     0.107461     0.107922     0.104922     0.092809     0.098876     0.095357     0.104788     0.102468     0.105644     0.106288     0.099660     0.107092     0.091356     0.088075     0.083299     0.086338     0.094715     0.086093     0.087945     0.089510
     0.080908     0.091364     0.095071     0.084531     0.095029     0.081690     0.093467     0.097863     0.123528     0.102414     0.099279     0.096870     0.110074     0.099320     0.099424     0.092764     0.102574     0.119626     0.102151     0.106113     0.094069     0.094231     0.098205     0.106610     0.092457     0.113661     0.103706     0.101493     0.099637     0.106640     0.097897     0.104307     0.111341     0.097028     0.099649     0.103748     0.096190     0.107048     0.104767     0.117413     0.097259     0.107909     0.090322     0.093755     0.081102     0.092916     0.087505     0.086978     0.089778     0.092807
     0.107922     0.088323     0.088554     0.089461     0.087342     0.090907     0.098972     0.093448     0.109951     0.105123     0.102682     0.098194     0.104234     0.101907     0.095754     0.102587     0.111990     0.107881     0.102594     0.103261     0.107355     0.110481     0.100684     0.093042     0.106515     0.104477     0.094474     0.095059     0.105373     0.107016     0.105005     0.105598     0.105447     0.099098     0.092202     0.106367     0.095869     0.110419     0.107169     0.103063     0.113938     0.111276     0.079630     0.097038     0.090300     0.082123     0.083123     0.082952     0.095902     0.080913
     0.093520     0.094070     0.087086     0.084536     0.087149     0.085520     0.085027     0.081559     0.120689     0.111331     0.118793     0.098288     0.103111     0.100692     0.092112     0.103778     0.101930     0.115552     0.098216     0.097713     0.105247     0.099842     0.105269     0.102152     0.111319     0.120419     0.094071     0.104240     0.099513     0.103023     0.103506     0.104314     0.102291     0.109978     0.101620     0.103955     0.098403     0.104662     0.109579     0.114500     0.104450     0.110077     0.094448     0.100259     0.086912     0.081753     0.090168     0.087081     0.081234     0.094354
     0.090124     0.093071     0.086974     0.089130     0.091835     0.089500     0.092148     0.092505     0.112548     0.103443     0.107829     0.104289     0.104313     0.106945     0.096351     0.100816     0.101693     0.108190     0.108521     0.094486     0.093531     0.095440     0.095164     0.108735     0.107825     0.110015     0.109371     0.108114     0.106258     0.099695     0.100775     0.096195     0.101013     0.095005     0.095876     0.099774     0.098438     0.111818     0.099342     0.099969     0.103643     0.116442     0.086754     0.085896     0.087781     0.089999     0.095929     0.091952     0.090509     0.093966
     0.087695     0.092119     0.085649     0.093322     0.095159     0.090120     0.093787     0.096690     0.115161     0.100953     0.096388     0.107696     0.116094     0.100815     0.104391     0.102850     0.102037     0.099929     0.093489     0.104307     0.102971     0.108418     0.103586     0.094304     0.102364     0.102545     0.104814     0.099622     0.099103     0.107971     0.104988     0.108199     0.111662     0.101883     0.095451     0.098625     0.100400     0.112335     0.102351     0.101096     0.109019     0.120375     0.090960     0.089507     0.090797     0.085029     0.096146     0.095158     0.086293     0.084498
     0.093949     0.099741     0.093373     0.100214     0.101320     0.093857     0.094409     0.103949     0.127493     0.110375     0.106056     0.103523     0.105783     0.098879     0.104841     0.110219     0.105537     0.104565     0.103923     0.110441     0.106543     0.102389     0.097166     0.097898     0.100463     0.101222     0.105293     0.105555     0.094328     0.100988     0.103251     0.099808     0.097249     0.102284     0.102688     0.104952     0.111680     0.110527     0.095610     0.102450     0.110070     0.125107     0.089387     0.091258     0.089440     0.088108     0.093170     0.093629     0.089300     0.105309
     0.105273     0.098066     0.088132     0.091307     0.092445     0.090016     0.094869     0.090624     0.118855     0.095717     0.101356     0.104155     0.098284     0.101269     0.100641     0.095624     0.099624     0.093713     0.100311     0.105948     0.101904     0.100257     0.098049     0.093434     0.095451     0.108777     0.102512     0.102802     0.097681     0.099580     0.104652     0.105020     0.103781     0.096623     0.103207     0.094009     0.106297     0.100677     0.109902     0.106326     0.096870     0.116252     0.101455     0.084030     0.091875     0.090611     0.096555     0.101234     0.125297     0.114816
     0.093187     0.094863     0.092950     0.100606     0.091751     0.100243     0.093869     0.094673     0.130648     0.115616     0.106254     0.099969     0.101515     0.098708     0.094391     0.095752     0.098644     0.100869     0.100551     0.102208     0.098097     0.101417     0.098676     0.098440     0.101714     0.105256     0.106827     0.109616     0.104031     0.114163     0.107804     0.098306     0.098629     0.098145     0.095786     0.096163     0.100098     0.102498     0.113695     0.106388     0.107314     0.120448     0.097194     0.090997     0.090900     0.107985     0.097225     0.113857     0.111861     0.096248
     0.116063     0.106342     0.096169     0.092743     0.095519     0.092721     0.106363     0.100218     0.127996     0.098359     0.104919     0.104705     0.103901     0.099568     0.100578     0.103081     0.103674     0.097125     0.100074     0.097848     0.104304     0.101485     0.099730     0.110103     0.102169     0.104406     0.107982     0.111533     0.105843     0.096402     0.103160     0.101822     0.103932     0.103124     0.102959     0.114621     0.114324     0.101236     0.104165     0.104694     0.110647     0.122899     0.095624     0.099628     0.092782     0.085703     0.100135     0.101104     0.100656     0.104976
     0.101289     0.103327     0.096591     0.100557     0.096555     0.112635     0.108905     0.106232     0.118257     0.112926     0.109008     0.101605     0.103142     0.112495     0.107111     0.110181     0.100343     0.107022     0.097072     0.100294     0.098565     0.105233     0.105102     0.106898     0.107165     0.104861     0.111942     0.105198     0.100980     0.101127     0.101996     0.111517     0.114634     0.107811     0.103615     0.096828     0.099674     0.103960     0.103416     0.106373     0.106588     0.118923     0.116034     0.097746     0.089983     0.097038     0.096718     0.101834     0.101733     0.103803
     0.098145     0.094412     0.091927     0.103562     0.105431     0.107371     0.107332     0.103738     0.120019     0.118238     0.110655     0.108553     0.109664     0.109286     0.114887     0.107335     0.106852     0.104265     0.110765     0.109709     0.100631     0.106609     0.097158     0.099842     0.100727     0.110007     0.102298     0.105816     0.099520     0.105924     0.100165     0.100627     0.105064     0.109383     0.112876     0.099275     0.108032     0.103595     0.109666     0.108804     0.106342     0.123963     0.102274     0.095836     0.094862     0.095839     0.090290     0.097770     0.099338     0.099698
     0.094673     0.094913     0.100577     0.107326     0.103021     0.113590     0.115057     0.109888     0.117723     0.115831     0.105469     0.108555     0.102145     0.105501     0.104318     0.105368     0.118512     0.099303     0.103167     0.108559     0.105950     0.099697     0.098967     0.105420     0.103750     0.096367     0.102486     0.098220     0.096807     0.100485     0.104755     0.105698     0.104807     0.104003     0.103459     0.111274     0.105653     0.107603     0.102963     0.108773     0.134439     0.134371     0.107450     0.100973     0.098259     0.095623     0.091983     0.096940     0.106649     0.099049
     0.102697     0.100625     0.108323     0.095371     0.101713     0.102864     0.100210     0.099699     0.112884     0.101322     0.101540     0.127099     0.103299     0.106046     0.106791     0.107389     0.106224     0.110389     0.104414     0.103115     0.108992     0.099074     0.108186     0.112512     0.116280     0.103244     0.107366     0.108798     0.100354     0.100332     0.102781     0.103871     0.099299     0.103239     0.107198     0.109424     0.108974     0.108402     0.109238     0.115231     0.124803     0.129692     0.107968     0.097386     0.110300     0.101954     0.099256     0.100725     0.101219     0.099639
     0.092864     0.099515     0.107975     0.103680     0.110210     0.104853     0.106680     0.109261     0.113974     0.113929     0.123289     0.116848     0.112631     0.105412     0.123509     0.117172     0.106279     0.113230     0.112847     0.104812     0.131940     0.114946     0.113818     0.111453     0.116449     0.111543     0.111018     0.134348     0.110738     0.105881     0.104992     0.104890     0.106828     0.103931     0.110630     0.102980     0.105977     0.105809     0.109287     0.122899     0.112414     0.135506     0.119429     0.108213     0.109696     0.097890     0.102575     0.102700     0.102529     0.098801
