MCNP(X) Input File                                            07/22/19 15:34:00 
 1  mcnp      6                          05/08/13  10000000
     0
    10     1    51     2    51     1  2500     1  2500     5     0     0     0     0     0     0     0     0     0
  0.00000     0.100000E+37
    20
     0
 -3.00000     -2.88000     -2.76000     -2.64000     -2.52000     -2.40000     -2.28000     -2.16000     -2.04000     -1.92000     -1.80000     -1.68000     -1.56000     -1.44000     -1.32000     -1.20000     -1.08000     -.960000     -.840000     -.720000     -.600000     -.480000     -.360000     -.240000     -.120000     0.166533E-14 0.120000     0.240000     0.360000     0.480000     0.600000     0.720000     0.840000     0.960000      1.08000      1.20000      1.32000      1.44000      1.56000      1.68000      1.80000      1.92000      2.04000      2.16000      2.28000      2.40000      2.52000      2.64000      2.76000      2.88000      3.00000    
  20.0000      22.0000    
 -5.00000     -4.80000     -4.60000     -4.40000     -4.20000     -4.00000     -3.80000     -3.60000     -3.40000     -3.20000     -3.00000     -2.80000     -2.60000     -2.40000     -2.20000     -2.00000     -1.80000     -1.60000     -1.40000     -1.20000     -1.00000     -.800000     -.600000     -.400000     -.200000     0.216493E-14 0.200000     0.400000     0.600000     0.800000      1.00000      1.20000      1.40000      1.60000      1.80000      2.00000      2.20000      2.40000      2.60000      2.80000      3.00000      3.20000      3.40000      3.60000      3.80000      4.00000      4.20000      4.40000      4.60000      4.80000      5.00000    
 1.289707E-10 1.206177E-10 1.084808E-10 1.399928E-10 1.173749E-10 1.389453E-10 1.298933E-10 1.130682E-10 9.972027E-11 1.030931E-10 1.141742E-10 1.028743E-10 1.155319E-10 1.105802E-10 1.110908E-10 9.575362E-11 1.253046E-10 1.098928E-10 1.378350E-10 1.200675E-10 1.316906E-10 1.152376E-10 1.390983E-10 1.522554E-10 1.282112E-10 1.128216E-10 1.464731E-10 1.292377E-10 1.315312E-10 1.365463E-10 1.355124E-10 1.158118E-10 1.160404E-10 1.324142E-10 1.088739E-10 1.281007E-10 1.148008E-10 1.350396E-10 1.113663E-10 1.099747E-10 1.017133E-10 1.050094E-10 1.147482E-10 1.404284E-10 1.295057E-10 1.479117E-10 1.380377E-10 1.154389E-10 1.014959E-10 9.769793E-11
 1.177666E-10 1.357496E-10 1.239687E-10 1.207168E-10 1.479696E-10 1.273695E-10 1.296878E-10 1.118081E-10 1.283706E-10 1.177105E-10 1.324784E-10 1.005340E-10 1.286701E-10 1.144718E-10 1.147600E-10 1.187112E-10 1.281436E-10 1.287824E-10 1.446221E-10 1.511623E-10 1.545506E-10 1.368293E-10 1.451098E-10 1.355414E-10 1.419097E-10 1.439425E-10 1.492072E-10 1.399975E-10 1.480035E-10 1.334986E-10 1.270860E-10 1.202874E-10 1.448245E-10 1.316713E-10 1.270621E-10 1.534269E-10 1.317007E-10 1.347801E-10 1.290802E-10 1.332262E-10 1.064228E-10 1.171996E-10 1.310967E-10 1.172498E-10 1.246469E-10 1.229102E-10 1.224259E-10 1.241187E-10 1.053163E-10 9.899685E-11
 1.168136E-10 1.167170E-10 1.262718E-10 1.407083E-10 1.288386E-10 1.349297E-10 1.096289E-10 1.229509E-10 1.253293E-10 1.313919E-10 1.343576E-10 1.303778E-10 1.382548E-10 1.519486E-10 1.289177E-10 1.379336E-10 1.245232E-10 1.407784E-10 1.402110E-10 1.497525E-10 1.647109E-10 1.587242E-10 1.511611E-10 1.450188E-10 1.670785E-10 1.430360E-10 1.477514E-10 1.336551E-10 1.454434E-10 1.679134E-10 1.398993E-10 1.347827E-10 1.615762E-10 1.319070E-10 1.365360E-10 1.406809E-10 1.510836E-10 1.293988E-10 1.361254E-10 1.382266E-10 1.540208E-10 1.213195E-10 1.305923E-10 1.236775E-10 1.246480E-10 1.171968E-10 1.175883E-10 1.206789E-10 1.118464E-10 1.162959E-10
 1.117123E-10 1.179671E-10 1.139037E-10 1.172785E-10 1.438338E-10 1.521944E-10 1.205648E-10 1.296241E-10 1.323493E-10 1.710084E-10 1.387554E-10 1.491866E-10 1.421584E-10 1.542022E-10 1.403265E-10 1.261760E-10 1.395869E-10 1.472018E-10 1.598532E-10 1.635776E-10 1.449736E-10 1.435102E-10 1.487666E-10 1.836078E-10 1.754685E-10 1.651571E-10 1.680642E-10 1.586428E-10 1.769700E-10 1.643837E-10 1.402747E-10 1.446423E-10 1.727173E-10 1.443655E-10 1.367298E-10 1.443873E-10 1.295132E-10 1.376589E-10 1.532387E-10 1.522510E-10 1.468374E-10 1.238166E-10 1.394912E-10 1.327214E-10 1.373007E-10 1.185693E-10 1.322782E-10 1.206968E-10 1.338018E-10 1.158643E-10
 1.323490E-10 1.368805E-10 1.395148E-10 1.007269E-10 1.256129E-10 1.407081E-10 1.421772E-10 1.217173E-10 1.271227E-10 1.329257E-10 1.243210E-10 1.578483E-10 1.515831E-10 1.572593E-10 1.821438E-10 1.659339E-10 1.412893E-10 1.341071E-10 1.467190E-10 1.556492E-10 1.397022E-10 1.446361E-10 1.492179E-10 1.865537E-10 1.622908E-10 1.562168E-10 1.562476E-10 1.649109E-10 1.705522E-10 1.428325E-10 1.522216E-10 1.611685E-10 1.718589E-10 1.677241E-10 1.384522E-10 1.635330E-10 1.428480E-10 1.479360E-10 1.285620E-10 1.608770E-10 1.401197E-10 1.424263E-10 1.531260E-10 1.406079E-10 1.349823E-10 1.188035E-10 1.343165E-10 1.417515E-10 1.274660E-10 1.301958E-10
 1.279305E-10 1.455971E-10 1.369120E-10 1.064680E-10 1.414041E-10 1.166764E-10 1.515713E-10 1.605561E-10 1.254212E-10 1.186675E-10 1.165281E-10 1.429869E-10 1.621509E-10 1.514264E-10 1.853653E-10 1.840538E-10 1.451747E-10 1.441770E-10 1.607809E-10 1.401452E-10 1.544962E-10 1.385632E-10 1.568689E-10 1.851855E-10 1.674698E-10 1.546880E-10 1.581333E-10 1.663565E-10 1.430558E-10 1.457342E-10 1.695511E-10 1.485404E-10 1.844728E-10 1.745255E-10 1.453842E-10 1.427732E-10 1.384612E-10 1.397963E-10 1.368965E-10 1.410061E-10 1.339802E-10 1.408639E-10 1.559629E-10 1.465110E-10 1.291021E-10 1.458151E-10 1.326244E-10 1.215244E-10 1.329115E-10 1.336200E-10
 1.379775E-10 1.194570E-10 1.389603E-10 1.233463E-10 1.355957E-10 1.452724E-10 1.568056E-10 1.623545E-10 1.377351E-10 1.251259E-10 1.429316E-10 1.366735E-10 1.586403E-10 1.436483E-10 1.520971E-10 1.704382E-10 1.827699E-10 1.421354E-10 1.618094E-10 1.688342E-10 1.523432E-10 1.448617E-10 1.599303E-10 1.648904E-10 1.815054E-10 1.862044E-10 1.597782E-10 1.659213E-10 1.345771E-10 1.503624E-10 1.802900E-10 1.725174E-10 1.609922E-10 1.522438E-10 1.590838E-10 1.415340E-10 1.403899E-10 1.303534E-10 1.428787E-10 1.473345E-10 1.323636E-10 1.309196E-10 1.661845E-10 1.227106E-10 1.407619E-10 1.278344E-10 1.132834E-10 1.255843E-10 1.282632E-10 1.210587E-10
 1.460364E-10 1.290753E-10 1.289000E-10 1.388794E-10 1.297473E-10 1.242312E-10 1.409476E-10 1.597760E-10 1.497929E-10 1.514834E-10 1.595598E-10 1.502828E-10 1.615612E-10 1.517166E-10 1.485758E-10 1.458479E-10 1.806159E-10 1.623592E-10 1.729403E-10 1.711307E-10 1.626456E-10 1.621562E-10 1.796793E-10 1.797533E-10 1.674981E-10 1.832118E-10 1.487964E-10 1.697644E-10 1.724772E-10 1.772029E-10 1.848976E-10 1.696734E-10 1.745140E-10 1.475260E-10 1.622668E-10 1.506377E-10 1.372879E-10 1.689823E-10 1.576235E-10 1.528297E-10 1.281629E-10 1.476546E-10 1.518540E-10 1.437890E-10 1.486534E-10 1.342783E-10 1.386818E-10 1.343600E-10 1.245450E-10 1.404221E-10
 1.243125E-10 1.177513E-10 1.348019E-10 1.473206E-10 1.778653E-10 1.777869E-10 1.534068E-10 1.185299E-10 1.272198E-10 1.238682E-10 1.572088E-10 1.494470E-10 1.707440E-10 1.567480E-10 1.433917E-10 1.460449E-10 1.660940E-10 1.542379E-10 1.851216E-10 1.513924E-10 1.562094E-10 1.713669E-10 1.756420E-10 1.880238E-10 1.983060E-10 2.178483E-10 1.731373E-10 1.893408E-10 1.892847E-10 1.898482E-10 1.793878E-10 1.676013E-10 1.489520E-10 1.562644E-10 1.766226E-10 1.568648E-10 1.708661E-10 1.573020E-10 1.854752E-10 1.385291E-10 1.366681E-10 1.430306E-10 1.502731E-10 1.404587E-10 1.429611E-10 1.254118E-10 1.474990E-10 1.309787E-10 1.149617E-10 1.484483E-10
 1.493022E-10 1.306943E-10 1.419869E-10 1.543223E-10 1.392530E-10 1.570171E-10 1.623330E-10 1.408177E-10 1.271671E-10 1.446068E-10 1.410430E-10 1.498254E-10 1.320417E-10 1.616174E-10 1.658420E-10 1.611631E-10 1.648733E-10 1.655626E-10 1.820217E-10 1.446349E-10 1.506136E-10 1.696002E-10 1.590806E-10 1.886543E-10 1.943889E-10 1.767485E-10 1.522740E-10 1.863750E-10 1.916819E-10 1.921951E-10 1.820678E-10 1.507708E-10 1.649070E-10 1.691783E-10 1.763114E-10 1.533480E-10 1.592463E-10 1.506003E-10 1.284422E-10 1.533300E-10 1.283732E-10 1.379498E-10 1.146968E-10 1.534806E-10 1.578882E-10 1.636308E-10 1.405079E-10 1.542086E-10 1.476440E-10 1.657733E-10
 1.118798E-10 1.168426E-10 1.204702E-10 1.562646E-10 1.617301E-10 1.475710E-10 1.504455E-10 1.467648E-10 1.329904E-10 1.224062E-10 1.489698E-10 1.592688E-10 1.220267E-10 1.457955E-10 1.432338E-10 1.523103E-10 1.667216E-10 1.897833E-10 1.632415E-10 1.505891E-10 1.722213E-10 1.647907E-10 1.560852E-10 1.944607E-10 1.949507E-10 1.796273E-10 1.790488E-10 1.475818E-10 1.789706E-10 1.661338E-10 1.812956E-10 1.793720E-10 1.790120E-10 1.650237E-10 1.661887E-10 1.380130E-10 1.955676E-10 1.609257E-10 1.597234E-10 1.311058E-10 1.327131E-10 1.222465E-10 1.455085E-10 1.605191E-10 1.645831E-10 1.443411E-10 1.586494E-10 1.646219E-10 1.761501E-10 1.829222E-10
 1.257278E-10 1.298253E-10 1.443693E-10 1.529961E-10 1.494761E-10 1.600794E-10 1.606862E-10 1.363139E-10 1.335571E-10 1.453707E-10 1.703594E-10 1.603818E-10 1.517200E-10 1.435396E-10 1.441124E-10 1.717114E-10 1.774830E-10 1.967096E-10 1.968765E-10 1.831558E-10 1.730809E-10 1.620082E-10 1.883340E-10 1.976832E-10 1.722227E-10 1.851609E-10 1.596301E-10 1.742252E-10 1.871953E-10 2.095282E-10 1.902721E-10 1.564314E-10 1.767018E-10 1.711235E-10 1.386198E-10 1.756574E-10 1.984711E-10 1.708199E-10 1.643638E-10 1.440819E-10 1.513198E-10 1.598590E-10 1.528668E-10 1.391365E-10 1.437256E-10 1.558922E-10 1.868752E-10 1.652199E-10 1.576746E-10 1.480368E-10
 1.413829E-10 1.414102E-10 1.590910E-10 1.648027E-10 1.869863E-10 1.686723E-10 1.619958E-10 1.739609E-10 1.296811E-10 1.599823E-10 1.693516E-10 1.599988E-10 1.582647E-10 1.556904E-10 1.883474E-10 1.841199E-10 1.682227E-10 1.763511E-10 1.900269E-10 2.158139E-10 2.022889E-10 1.764961E-10 2.005023E-10 1.693431E-10 1.884517E-10 2.137484E-10 1.617753E-10 1.687901E-10 2.132722E-10 1.869898E-10 1.915881E-10 1.550393E-10 1.765550E-10 1.617527E-10 1.494709E-10 1.463007E-10 1.549015E-10 1.698154E-10 1.752286E-10 1.718106E-10 1.527866E-10 1.281380E-10 1.223735E-10 1.313370E-10 1.554710E-10 1.645582E-10 1.529050E-10 1.500651E-10 1.710587E-10 1.454557E-10
 1.457225E-10 1.577900E-10 1.375139E-10 1.486802E-10 1.737958E-10 1.607018E-10 1.412329E-10 1.524464E-10 1.324475E-10 1.580756E-10 1.708478E-10 1.777669E-10 1.731738E-10 1.513204E-10 1.551363E-10 1.753964E-10 1.700452E-10 1.580617E-10 1.554314E-10 1.867272E-10 1.546157E-10 1.565560E-10 1.999428E-10 1.910618E-10 1.789458E-10 1.957294E-10 1.858107E-10 1.585187E-10 1.929790E-10 1.842936E-10 2.016923E-10 1.664662E-10 1.616686E-10 1.620191E-10 1.854745E-10 1.562547E-10 1.643719E-10 1.818307E-10 1.602838E-10 1.493813E-10 1.291736E-10 1.490208E-10 1.409345E-10 1.665554E-10 1.326965E-10 1.290013E-10 1.557249E-10 1.545044E-10 1.468173E-10 1.317204E-10
 1.390108E-10 1.422120E-10 1.562864E-10 1.554063E-10 1.620964E-10 1.821328E-10 1.581707E-10 1.585921E-10 1.685805E-10 1.456586E-10 1.789637E-10 1.757574E-10 1.949561E-10 1.567376E-10 1.851423E-10 1.551747E-10 1.868389E-10 2.081403E-10 1.921777E-10 1.856187E-10 1.476701E-10 1.869853E-10 1.638652E-10 1.804826E-10 1.942987E-10 1.954310E-10 1.989650E-10 1.806281E-10 1.767844E-10 2.032961E-10 1.800497E-10 1.878405E-10 1.712454E-10 1.763133E-10 1.654501E-10 1.713940E-10 1.584950E-10 1.604516E-10 1.591224E-10 1.812257E-10 1.640739E-10 1.659639E-10 1.337248E-10 1.862626E-10 1.842835E-10 1.872627E-10 1.673884E-10 1.489399E-10 1.547677E-10 1.384503E-10
 1.436520E-10 1.644486E-10 1.614931E-10 1.688868E-10 1.695161E-10 1.620384E-10 1.957081E-10 1.845332E-10 1.673497E-10 1.596822E-10 1.655080E-10 1.667940E-10 1.422868E-10 1.359329E-10 1.694104E-10 1.716409E-10 1.530808E-10 1.926899E-10 1.599707E-10 1.914335E-10 2.054576E-10 2.089247E-10 1.954599E-10 1.767516E-10 1.905659E-10 1.963372E-10 1.737565E-10 1.947938E-10 1.599641E-10 1.736017E-10 2.340294E-10 2.286275E-10 1.955512E-10 1.986764E-10 1.878364E-10 1.666796E-10 1.711315E-10 1.647186E-10 1.464979E-10 1.595223E-10 1.698708E-10 1.550015E-10 1.817795E-10 1.710614E-10 1.630506E-10 1.720352E-10 1.559629E-10 1.519465E-10 1.492184E-10 1.331445E-10
 1.459374E-10 1.416584E-10 1.476907E-10 1.788330E-10 1.837254E-10 1.761495E-10 1.939576E-10 1.813992E-10 1.676461E-10 1.708783E-10 1.593742E-10 1.965678E-10 2.051284E-10 1.981732E-10 2.032177E-10 1.952096E-10 1.945367E-10 1.876386E-10 1.856569E-10 1.841063E-10 2.041656E-10 2.152242E-10 1.960343E-10 2.021680E-10 2.195707E-10 2.199415E-10 1.917731E-10 1.972797E-10 2.286538E-10 2.096597E-10 1.845060E-10 2.126841E-10 1.828464E-10 1.788797E-10 1.981946E-10 2.327601E-10 2.033295E-10 1.721641E-10 1.625588E-10 1.706184E-10 1.526853E-10 1.556870E-10 1.570715E-10 1.903591E-10 1.900333E-10 1.817400E-10 1.689989E-10 1.511370E-10 1.569796E-10 1.393587E-10
 1.537726E-10 1.782905E-10 1.638761E-10 1.763102E-10 1.876186E-10 1.795939E-10 1.661579E-10 1.740458E-10 1.622492E-10 1.837495E-10 1.730211E-10 1.905594E-10 1.782209E-10 2.061594E-10 1.969470E-10 1.894802E-10 2.421800E-10 2.430117E-10 2.203876E-10 2.279570E-10 1.947455E-10 2.083560E-10 2.029612E-10 2.133279E-10 2.031034E-10 1.800946E-10 1.872216E-10 2.013834E-10 2.198956E-10 2.238088E-10 2.058803E-10 1.868459E-10 2.011013E-10 1.961488E-10 1.800728E-10 2.106184E-10 2.141045E-10 1.815654E-10 1.650190E-10 1.739642E-10 1.586933E-10 1.503384E-10 1.693050E-10 2.123332E-10 1.854936E-10 1.799400E-10 1.711287E-10 1.607902E-10 1.749732E-10 1.914698E-10
 1.531207E-10 1.770316E-10 1.793806E-10 1.601653E-10 1.853354E-10 1.949821E-10 2.027120E-10 2.007607E-10 1.799344E-10 1.696971E-10 1.994322E-10 2.071816E-10 2.306166E-10 1.978549E-10 2.018803E-10 2.363704E-10 2.325480E-10 2.124197E-10 2.209659E-10 2.076914E-10 2.290563E-10 2.373580E-10 2.032125E-10 2.123646E-10 1.924938E-10 2.145131E-10 2.216756E-10 1.935622E-10 1.992700E-10 2.185407E-10 2.197761E-10 2.184651E-10 2.103841E-10 2.333057E-10 1.905161E-10 1.999727E-10 2.063736E-10 1.734730E-10 1.754614E-10 1.794015E-10 1.596903E-10 1.439764E-10 1.769219E-10 1.668621E-10 1.814339E-10 1.678217E-10 1.618826E-10 1.884009E-10 1.806971E-10 1.678070E-10
 1.571676E-10 1.562127E-10 1.844569E-10 1.787642E-10 1.957623E-10 1.974578E-10 1.894132E-10 1.981091E-10 2.112769E-10 2.274275E-10 1.817653E-10 2.051012E-10 2.258312E-10 1.903578E-10 2.037224E-10 2.246648E-10 2.479484E-10 2.155470E-10 2.396136E-10 2.325507E-10 2.513266E-10 2.234086E-10 2.289008E-10 2.209458E-10 2.001855E-10 2.133310E-10 2.256855E-10 2.221606E-10 2.128146E-10 2.134945E-10 2.158128E-10 1.974524E-10 2.179787E-10 2.402186E-10 2.289999E-10 2.344092E-10 2.006972E-10 2.431898E-10 1.784071E-10 1.941854E-10 1.971719E-10 1.676725E-10 1.761485E-10 1.730753E-10 1.728928E-10 1.809705E-10 1.852639E-10 1.697803E-10 1.735634E-10 1.684762E-10
 1.692575E-10 1.733721E-10 1.829723E-10 1.636461E-10 1.738824E-10 1.917337E-10 2.158146E-10 2.075159E-10 1.911426E-10 1.879625E-10 1.944990E-10 1.710871E-10 2.102714E-10 2.121533E-10 2.226886E-10 2.226205E-10 2.425761E-10 2.295004E-10 2.218924E-10 2.329256E-10 2.071557E-10 2.335671E-10 2.621246E-10 2.257394E-10 2.151308E-10 2.552911E-10 2.794331E-10 2.580659E-10 2.422917E-10 2.318748E-10 2.278429E-10 2.310548E-10 2.144862E-10 2.075265E-10 2.188011E-10 2.271289E-10 2.169466E-10 2.476424E-10 2.120813E-10 1.756161E-10 1.961315E-10 1.816940E-10 2.023124E-10 1.898886E-10 2.150836E-10 2.045979E-10 2.380145E-10 1.883537E-10 1.876890E-10 1.854049E-10
 2.050295E-10 2.046655E-10 2.149663E-10 2.126924E-10 2.370646E-10 2.341459E-10 2.408716E-10 2.041722E-10 2.328091E-10 2.474365E-10 2.366263E-10 2.188674E-10 2.679891E-10 2.576431E-10 2.726139E-10 2.591635E-10 2.340977E-10 2.637369E-10 2.710115E-10 2.772955E-10 3.041854E-10 2.801266E-10 2.610062E-10 2.670467E-10 2.753608E-10 2.813671E-10 2.890253E-10 2.565459E-10 2.723778E-10 2.731295E-10 2.846708E-10 2.667174E-10 3.017151E-10 2.325582E-10 2.750867E-10 2.476531E-10 2.338543E-10 2.211693E-10 2.261706E-10 2.341486E-10 2.458051E-10 2.128148E-10 2.022606E-10 2.366574E-10 2.302331E-10 2.076078E-10 2.151385E-10 1.891902E-10 1.900070E-10 1.886333E-10
 5.197623E-10 5.408969E-10 5.769824E-10 5.605914E-10 5.004529E-10 5.140687E-10 5.328755E-10 4.813409E-10 4.245875E-10 4.526918E-10 4.543261E-10 4.526047E-10 4.470652E-10 4.784241E-10 4.612801E-10 4.846055E-10 4.867271E-10 5.386486E-10 5.369477E-10 4.826535E-10 5.066649E-10 4.924347E-10 4.930862E-10 4.952612E-10 5.042446E-10 4.869744E-10 5.512685E-10 4.791351E-10 4.997474E-10 5.069814E-10 4.822868E-10 4.857498E-10 4.748638E-10 4.674569E-10 5.159460E-10 4.642073E-10 4.623944E-10 4.473601E-10 4.181733E-10 4.415068E-10 4.135354E-10 4.641134E-10 5.141053E-10 5.418832E-10 5.053312E-10 5.192874E-10 5.287692E-10 5.502465E-10 5.418263E-10 5.367635E-10
 8.199607E-10 8.328360E-10 7.956248E-10 8.312884E-10 8.264197E-10 7.539236E-10 8.140105E-10 8.383020E-10 6.855485E-10 7.220034E-10 7.225064E-10 7.261239E-10 7.814498E-10 7.494803E-10 7.925860E-10 7.147947E-10 7.565349E-10 7.700811E-10 8.482545E-10 7.717107E-10 7.131742E-10 7.452984E-10 7.479944E-10 7.484388E-10 6.803512E-10 7.356136E-10 7.627318E-10 7.444704E-10 7.905019E-10 6.991255E-10 6.880289E-10 6.732044E-10 7.326942E-10 7.168956E-10 7.644655E-10 6.785330E-10 7.097131E-10 7.242877E-10 6.675909E-10 6.822069E-10 6.985920E-10 6.819077E-10 7.477568E-10 7.987984E-10 8.214904E-10 7.997683E-10 8.480282E-10 7.783725E-10 7.736227E-10 7.930217E-10
 9.354293E-10 9.516541E-10 9.898421E-10 9.494356E-10 9.031327E-10 9.537373E-10 8.959090E-10 8.537427E-10 7.288564E-10 7.721428E-10 7.704890E-10 7.950086E-10 8.473148E-10 8.182390E-10 8.713761E-10 8.719992E-10 8.597754E-10 8.174486E-10 8.987404E-10 8.415334E-10 8.924469E-10 8.326615E-10 8.487944E-10 7.815863E-10 8.832096E-10 9.481059E-10 8.769670E-10 8.606925E-10 8.245920E-10 8.809463E-10 8.091745E-10 8.528763E-10 7.942055E-10 8.368372E-10 8.619287E-10 8.646089E-10 8.615455E-10 8.299071E-10 8.428403E-10 7.806705E-10 7.765618E-10 7.662969E-10 9.622805E-10 9.910629E-10 1.016132E-09 1.033273E-09 9.662910E-10 9.733511E-10 9.873942E-10 9.508096E-10
 9.144121E-10 8.971541E-10 9.387728E-10 9.777309E-10 9.654774E-10 9.625867E-10 9.420190E-10 9.039617E-10 8.028783E-10 8.233524E-10 8.535253E-10 8.308238E-10 8.846747E-10 8.787712E-10 8.303930E-10 8.275693E-10 8.340660E-10 9.279925E-10 7.890154E-10 8.530304E-10 9.905978E-10 8.678672E-10 8.979327E-10 9.052861E-10 7.918367E-10 9.274622E-10 9.039843E-10 8.448059E-10 8.631048E-10 8.332241E-10 7.783265E-10 7.912981E-10 9.065624E-10 8.237725E-10 8.160194E-10 8.301756E-10 8.587695E-10 7.503002E-10 7.704680E-10 7.998146E-10 7.327150E-10 7.212715E-10 8.951010E-10 9.342941E-10 9.453107E-10 9.384000E-10 9.578805E-10 9.742688E-10 9.948392E-10 9.275931E-10
 8.090781E-10 8.098372E-10 8.169023E-10 8.572376E-10 7.958910E-10 8.070589E-10 7.784589E-10 7.324018E-10 6.402252E-10 6.559396E-10 6.954603E-10 7.096170E-10 6.539766E-10 6.816588E-10 7.325959E-10 6.705516E-10 7.503486E-10 7.623931E-10 7.071482E-10 7.460004E-10 8.011535E-10 7.293822E-10 7.686893E-10 8.385012E-10 8.493357E-10 7.217006E-10 6.723136E-10 7.334979E-10 7.594254E-10 6.957360E-10 7.388616E-10 6.795992E-10 6.650735E-10 6.999865E-10 7.266265E-10 6.880402E-10 7.689275E-10 6.992587E-10 6.489040E-10 7.094223E-10 6.507595E-10 7.147521E-10 8.149525E-10 7.883104E-10 7.834087E-10 8.338409E-10 7.769501E-10 7.492786E-10 7.484521E-10 7.256263E-10
 4.935977E-10 4.761628E-10 4.678605E-10 4.652709E-10 4.933949E-10 5.286051E-10 5.597516E-10 5.238961E-10 4.606912E-10 4.111442E-10 4.419939E-10 4.512189E-10 4.610827E-10 5.348321E-10 5.119541E-10 4.870959E-10 4.930240E-10 4.825144E-10 4.367831E-10 5.182248E-10 4.977429E-10 5.262741E-10 5.183482E-10 5.046620E-10 4.605783E-10 5.630985E-10 4.677506E-10 4.539921E-10 5.418539E-10 5.181362E-10 5.068734E-10 5.601191E-10 5.147978E-10 4.902288E-10 4.652444E-10 4.960132E-10 5.122396E-10 5.410620E-10 4.583375E-10 4.335572E-10 4.605068E-10 4.373642E-10 5.095819E-10 5.241164E-10 4.963714E-10 5.377289E-10 4.790619E-10 4.196194E-10 4.267193E-10 4.816782E-10
 1.823043E-10 1.891911E-10 1.947749E-10 2.101112E-10 2.046615E-10 1.928035E-10 2.422526E-10 2.493985E-10 2.121416E-10 2.146580E-10 2.033498E-10 2.295204E-10 2.416330E-10 2.639510E-10 2.591304E-10 2.547307E-10 2.367142E-10 2.524214E-10 2.773274E-10 2.939119E-10 2.766880E-10 3.112547E-10 2.886063E-10 2.852667E-10 2.761471E-10 2.398773E-10 2.806575E-10 2.826656E-10 2.846566E-10 2.759819E-10 2.849032E-10 2.980272E-10 2.928475E-10 2.654038E-10 2.765611E-10 2.622270E-10 2.751273E-10 2.415333E-10 2.319006E-10 2.221234E-10 2.161877E-10 2.210866E-10 2.349473E-10 2.369865E-10 2.373138E-10 1.955226E-10 2.240359E-10 2.082278E-10 2.157579E-10 2.333634E-10
 1.845554E-10 1.963716E-10 2.108569E-10 1.910221E-10 1.993556E-10 1.965959E-10 2.140665E-10 1.894739E-10 1.756523E-10 2.239056E-10 2.124753E-10 2.228625E-10 2.137203E-10 2.149477E-10 2.466582E-10 2.369645E-10 2.118906E-10 2.305924E-10 2.554526E-10 2.337395E-10 2.437953E-10 2.509752E-10 2.569919E-10 2.564889E-10 2.042365E-10 2.117614E-10 2.485800E-10 2.367815E-10 2.326571E-10 2.726576E-10 2.524185E-10 2.511651E-10 2.455170E-10 2.571362E-10 2.577337E-10 2.283956E-10 1.816954E-10 2.200910E-10 2.489247E-10 2.392263E-10 2.044824E-10 2.074730E-10 2.059771E-10 1.851664E-10 1.993523E-10 1.945907E-10 2.042918E-10 1.873149E-10 1.759073E-10 1.606824E-10
 1.732888E-10 1.743032E-10 1.750263E-10 1.775878E-10 2.166317E-10 1.916967E-10 1.938747E-10 1.774171E-10 1.660638E-10 2.056201E-10 2.015793E-10 1.880786E-10 1.778680E-10 2.170334E-10 1.789658E-10 2.080943E-10 2.030269E-10 2.119066E-10 2.382033E-10 2.169142E-10 2.565735E-10 2.134269E-10 1.991694E-10 1.928744E-10 1.965032E-10 2.276968E-10 2.733203E-10 2.275442E-10 2.035637E-10 2.346369E-10 2.252900E-10 2.193247E-10 2.302930E-10 2.220845E-10 2.072625E-10 2.358485E-10 2.049351E-10 2.047429E-10 2.267462E-10 2.217925E-10 1.882362E-10 1.825799E-10 2.134370E-10 2.029417E-10 1.751657E-10 1.958577E-10 1.983047E-10 1.798517E-10 1.803340E-10 1.851875E-10
 1.863275E-10 1.644240E-10 1.722690E-10 1.830009E-10 1.606964E-10 1.605884E-10 1.635414E-10 1.721264E-10 1.766646E-10 1.687175E-10 1.809512E-10 1.840767E-10 1.816482E-10 1.977147E-10 2.109229E-10 2.162065E-10 2.259093E-10 1.997839E-10 2.451460E-10 2.418397E-10 2.344429E-10 2.480797E-10 2.230922E-10 2.278135E-10 1.831346E-10 1.948503E-10 2.445968E-10 2.222172E-10 2.057236E-10 2.024669E-10 1.731348E-10 1.824667E-10 2.223961E-10 2.189600E-10 2.343105E-10 2.168055E-10 2.334048E-10 2.124105E-10 1.938199E-10 1.876436E-10 1.800347E-10 1.981417E-10 1.997355E-10 2.007960E-10 1.833865E-10 1.786002E-10 1.779317E-10 1.686438E-10 1.533097E-10 1.497231E-10
 1.656767E-10 1.758625E-10 1.542969E-10 1.898950E-10 1.854297E-10 1.616475E-10 1.785798E-10 1.850550E-10 1.953106E-10 1.852013E-10 1.595292E-10 1.766047E-10 1.905799E-10 2.117215E-10 1.793475E-10 1.897507E-10 1.963680E-10 1.931374E-10 2.206533E-10 1.946049E-10 2.062799E-10 2.409390E-10 2.290827E-10 1.898703E-10 2.280246E-10 2.075013E-10 2.187220E-10 1.621288E-10 2.181798E-10 2.015660E-10 1.866368E-10 1.941070E-10 1.971191E-10 2.126712E-10 1.976597E-10 1.791328E-10 2.135486E-10 1.700935E-10 2.148980E-10 1.664346E-10 1.634052E-10 1.694221E-10 1.877153E-10 1.962430E-10 1.821330E-10 1.598696E-10 1.624827E-10 1.711820E-10 1.823505E-10 1.669324E-10
 1.544923E-10 1.711682E-10 1.529252E-10 1.853323E-10 1.770672E-10 1.557023E-10 1.787106E-10 1.644226E-10 1.554388E-10 1.627316E-10 1.603603E-10 1.589300E-10 1.604853E-10 1.799259E-10 1.811749E-10 1.997937E-10 1.889731E-10 1.954011E-10 2.173025E-10 1.811472E-10 2.124022E-10 2.130240E-10 1.806500E-10 2.001395E-10 2.029202E-10 1.966238E-10 1.980440E-10 1.982208E-10 2.024864E-10 2.170856E-10 1.991678E-10 1.938217E-10 2.076482E-10 2.176471E-10 1.730321E-10 2.067896E-10 1.823462E-10 1.957776E-10 1.758889E-10 1.528180E-10 1.402998E-10 1.698064E-10 1.685510E-10 1.723352E-10 1.687363E-10 1.879385E-10 2.008208E-10 1.970255E-10 1.616271E-10 1.603105E-10
 1.611488E-10 1.538880E-10 1.844786E-10 1.920750E-10 1.715834E-10 1.585632E-10 1.792278E-10 1.595858E-10 1.502429E-10 1.756429E-10 1.819254E-10 1.716625E-10 1.686539E-10 1.980245E-10 1.956238E-10 1.908608E-10 1.904138E-10 2.004010E-10 1.786185E-10 1.779652E-10 2.401707E-10 1.899137E-10 1.939768E-10 2.359965E-10 2.085261E-10 2.124083E-10 1.755214E-10 1.918587E-10 1.938907E-10 2.288134E-10 1.768201E-10 2.157329E-10 2.153790E-10 2.054264E-10 1.958946E-10 1.600880E-10 1.659509E-10 1.662278E-10 1.475002E-10 1.803655E-10 1.698173E-10 1.774569E-10 1.835419E-10 1.493660E-10 1.511124E-10 1.649753E-10 1.718886E-10 1.593813E-10 1.488045E-10 1.520020E-10
 1.497781E-10 1.654706E-10 1.787620E-10 1.763023E-10 1.621545E-10 1.715666E-10 1.583086E-10 1.783267E-10 1.571656E-10 1.701774E-10 1.883795E-10 1.873694E-10 1.748190E-10 1.869991E-10 1.813271E-10 1.965551E-10 2.084202E-10 1.895125E-10 1.832936E-10 2.055854E-10 2.409983E-10 1.961668E-10 2.018335E-10 2.090886E-10 2.109417E-10 2.299348E-10 1.981469E-10 2.158080E-10 1.901875E-10 1.876390E-10 1.886977E-10 1.874822E-10 1.742068E-10 1.869450E-10 1.887055E-10 1.516995E-10 1.671959E-10 1.467027E-10 1.459914E-10 1.986074E-10 1.749546E-10 1.651978E-10 1.539963E-10 1.549724E-10 1.566066E-10 1.325807E-10 1.626215E-10 1.559106E-10 1.448889E-10 1.451946E-10
 1.360805E-10 1.507455E-10 1.355304E-10 1.628855E-10 1.703150E-10 1.726872E-10 1.768667E-10 1.623280E-10 1.649985E-10 1.968315E-10 1.839358E-10 2.039051E-10 1.830875E-10 1.532034E-10 1.751310E-10 1.464462E-10 1.854998E-10 1.486665E-10 1.685710E-10 1.887722E-10 2.223893E-10 1.981806E-10 1.878163E-10 1.991858E-10 1.815138E-10 2.231496E-10 2.198065E-10 2.064784E-10 1.976865E-10 1.961480E-10 1.983521E-10 1.824864E-10 1.657567E-10 1.930343E-10 1.952508E-10 1.775212E-10 1.647343E-10 1.636563E-10 1.384572E-10 1.456192E-10 1.665845E-10 1.594900E-10 1.642574E-10 1.701740E-10 1.882217E-10 1.893694E-10 1.582144E-10 1.828204E-10 1.618490E-10 1.462939E-10
 1.331303E-10 1.507613E-10 1.445363E-10 1.328868E-10 1.539993E-10 1.758169E-10 1.764442E-10 1.689994E-10 1.755856E-10 1.639074E-10 1.507580E-10 1.762212E-10 1.523733E-10 1.780874E-10 1.724964E-10 1.684768E-10 2.089435E-10 1.657625E-10 2.000254E-10 1.701969E-10 1.885975E-10 1.893187E-10 1.905522E-10 1.606386E-10 1.947586E-10 1.881243E-10 1.820263E-10 2.032892E-10 1.797466E-10 1.885408E-10 1.554421E-10 1.757708E-10 1.559968E-10 1.716952E-10 1.936321E-10 2.047924E-10 1.652450E-10 1.626826E-10 1.440696E-10 1.713958E-10 1.344350E-10 1.322208E-10 1.623707E-10 1.629130E-10 1.730483E-10 1.739629E-10 1.868577E-10 1.567192E-10 1.609580E-10 1.476350E-10
 1.549259E-10 1.591092E-10 1.449317E-10 1.393434E-10 1.424958E-10 1.535787E-10 1.588812E-10 1.483510E-10 1.663406E-10 1.426520E-10 1.568292E-10 1.396626E-10 1.897209E-10 1.662853E-10 1.660219E-10 1.842364E-10 1.873770E-10 1.564478E-10 1.815813E-10 1.877135E-10 1.780357E-10 1.676332E-10 1.821047E-10 1.952459E-10 1.816358E-10 1.548959E-10 1.445591E-10 1.698594E-10 1.842528E-10 1.838122E-10 1.638163E-10 1.488016E-10 1.637289E-10 1.612468E-10 1.926735E-10 1.732886E-10 1.640606E-10 1.664864E-10 1.526133E-10 1.469731E-10 1.346112E-10 1.383522E-10 1.553406E-10 1.714337E-10 1.498454E-10 1.659006E-10 1.542115E-10 1.645988E-10 1.289839E-10 1.385559E-10
 1.572072E-10 1.450962E-10 1.627184E-10 1.719822E-10 1.444090E-10 1.430487E-10 1.443454E-10 1.639102E-10 1.519149E-10 1.404940E-10 1.538464E-10 1.457516E-10 1.628578E-10 1.929966E-10 1.784834E-10 1.653301E-10 1.807175E-10 1.854641E-10 1.808906E-10 1.465425E-10 1.719213E-10 1.477662E-10 1.622473E-10 1.853656E-10 1.809941E-10 1.769873E-10 1.556149E-10 1.664088E-10 1.900186E-10 1.674403E-10 1.690127E-10 1.279775E-10 1.632166E-10 1.584286E-10 1.511438E-10 1.699358E-10 1.561325E-10 1.745894E-10 1.540672E-10 1.426828E-10 1.190496E-10 1.407270E-10 1.598329E-10 1.633800E-10 1.642150E-10 1.467469E-10 1.377764E-10 1.583162E-10 1.549265E-10 1.565700E-10
 1.436103E-10 1.326527E-10 1.324080E-10 1.422592E-10 1.469985E-10 1.379791E-10 1.224029E-10 1.503141E-10 1.363596E-10 1.712656E-10 1.690130E-10 1.483382E-10 1.468857E-10 1.718956E-10 1.807710E-10 1.587903E-10 1.825238E-10 2.078741E-10 1.825322E-10 1.664535E-10 1.947098E-10 1.715835E-10 1.797901E-10 1.609255E-10 1.809340E-10 1.750147E-10 1.716443E-10 1.874852E-10 1.784556E-10 1.743029E-10 1.579823E-10 1.326071E-10 1.660728E-10 1.908596E-10 1.810107E-10 1.697073E-10 1.550495E-10 1.747405E-10 1.799902E-10 1.514529E-10 1.290204E-10 1.367211E-10 1.608140E-10 1.619540E-10 1.545462E-10 1.683549E-10 1.472847E-10 1.525720E-10 1.556740E-10 1.568492E-10
 1.280047E-10 1.437612E-10 1.201800E-10 1.573239E-10 1.470782E-10 1.335043E-10 1.245888E-10 1.502471E-10 1.390241E-10 1.460856E-10 1.595770E-10 1.358873E-10 1.544830E-10 1.673490E-10 1.424436E-10 1.440745E-10 1.687832E-10 1.807302E-10 1.716535E-10 1.797259E-10 1.902256E-10 1.517632E-10 1.794436E-10 1.646860E-10 1.912240E-10 1.804119E-10 1.725691E-10 1.802568E-10 1.875600E-10 1.930112E-10 1.993963E-10 1.407787E-10 1.405139E-10 1.899405E-10 1.796961E-10 1.771562E-10 1.477241E-10 1.411171E-10 1.419386E-10 1.559135E-10 1.291342E-10 1.444760E-10 1.242950E-10 1.653877E-10 1.578141E-10 1.648930E-10 1.639519E-10 1.402728E-10 1.104534E-10 1.375768E-10
 1.405667E-10 1.191229E-10 1.116135E-10 1.503625E-10 1.433423E-10 1.328125E-10 1.472787E-10 1.276644E-10 1.535584E-10 1.220807E-10 1.625776E-10 1.681928E-10 1.581296E-10 1.423966E-10 1.455704E-10 1.311826E-10 1.527231E-10 1.843999E-10 1.564086E-10 1.757246E-10 1.656127E-10 1.672800E-10 1.782003E-10 1.596018E-10 1.786184E-10 1.643069E-10 1.560867E-10 1.692290E-10 1.624771E-10 1.838537E-10 1.485706E-10 1.557535E-10 1.702152E-10 1.473327E-10 1.716977E-10 1.483567E-10 1.569725E-10 1.471365E-10 1.436162E-10 1.605886E-10 1.449243E-10 1.486359E-10 1.451306E-10 1.477881E-10 1.407574E-10 1.487599E-10 1.525303E-10 1.371831E-10 1.271397E-10 1.145860E-10
 1.316284E-10 1.406082E-10 1.584669E-10 1.432232E-10 1.388919E-10 1.349737E-10 1.449466E-10 1.325293E-10 1.293986E-10 1.311178E-10 1.460064E-10 1.441111E-10 1.515098E-10 1.481973E-10 1.843978E-10 1.680603E-10 1.870142E-10 1.843006E-10 1.550672E-10 1.482727E-10 1.423170E-10 1.625089E-10 1.652693E-10 1.664879E-10 1.741122E-10 1.437798E-10 1.570065E-10 1.477066E-10 1.790845E-10 1.563225E-10 1.495705E-10 1.905531E-10 1.641649E-10 1.733605E-10 1.841167E-10 1.521344E-10 1.447255E-10 1.552285E-10 1.292864E-10 1.204210E-10 1.276808E-10 1.334195E-10 1.488590E-10 1.502574E-10 1.448421E-10 1.389289E-10 1.396691E-10 1.362606E-10 1.193472E-10 1.261249E-10
 1.313353E-10 1.413589E-10 1.380055E-10 1.392358E-10 1.280505E-10 1.267166E-10 1.427206E-10 1.058376E-10 1.251597E-10 1.310176E-10 1.450719E-10 1.379286E-10 1.530488E-10 1.532226E-10 1.946570E-10 1.790109E-10 1.836354E-10 1.525612E-10 1.541392E-10 1.489603E-10 1.653931E-10 1.595872E-10 1.757745E-10 1.481477E-10 1.729620E-10 1.437598E-10 1.658505E-10 1.503502E-10 1.635127E-10 1.623849E-10 1.435775E-10 1.634445E-10 1.666366E-10 1.316021E-10 1.880870E-10 1.455935E-10 1.358869E-10 1.623846E-10 1.416906E-10 1.503487E-10 1.216943E-10 1.039956E-10 1.258568E-10 1.454273E-10 1.747311E-10 1.416833E-10 1.450087E-10 1.515301E-10 1.090756E-10 1.059041E-10
 1.162235E-10 1.405283E-10 1.427726E-10 1.266619E-10 1.281681E-10 1.452782E-10 1.207368E-10 1.344680E-10 1.192605E-10 1.402546E-10 1.228514E-10 1.420927E-10 1.245080E-10 1.149593E-10 1.615022E-10 1.277189E-10 1.696507E-10 1.512299E-10 1.455670E-10 1.533206E-10 1.822997E-10 1.607783E-10 1.765933E-10 1.371031E-10 1.670967E-10 1.380606E-10 1.543425E-10 1.483594E-10 1.441916E-10 1.477476E-10 1.360813E-10 1.321472E-10 1.460215E-10 1.397764E-10 1.718764E-10 1.608621E-10 1.508353E-10 1.363542E-10 1.465964E-10 1.308539E-10 1.422949E-10 1.196807E-10 1.421300E-10 1.602575E-10 1.520553E-10 1.381472E-10 1.396470E-10 1.458293E-10 1.416287E-10 1.184803E-10
 1.406056E-10 1.285474E-10 1.397037E-10 1.245799E-10 1.380343E-10 1.210861E-10 1.142402E-10 1.316959E-10 1.238328E-10 1.067105E-10 1.133768E-10 1.111627E-10 1.262177E-10 1.286135E-10 1.383486E-10 1.354481E-10 1.407673E-10 1.390587E-10 1.374330E-10 1.375913E-10 1.729096E-10 1.466904E-10 1.662125E-10 1.543062E-10 1.381519E-10 1.530611E-10 1.517383E-10 1.392461E-10 1.534630E-10 1.458913E-10 1.485414E-10 1.702185E-10 1.587393E-10 1.390416E-10 1.450386E-10 1.755752E-10 1.590076E-10 1.181498E-10 1.427805E-10 1.258831E-10 1.356658E-10 1.339638E-10 1.475446E-10 1.529181E-10 1.557604E-10 1.484906E-10 1.255562E-10 1.247473E-10 1.359841E-10 1.237285E-10
 1.309524E-10 1.305646E-10 1.332710E-10 1.488586E-10 1.352523E-10 1.016469E-10 1.226414E-10 1.352892E-10 1.358763E-10 1.175677E-10 1.335794E-10 1.248633E-10 1.405998E-10 1.208665E-10 1.492074E-10 1.227872E-10 1.180359E-10 1.478272E-10 1.266647E-10 1.194311E-10 1.487738E-10 1.625190E-10 1.438098E-10 1.334631E-10 1.548362E-10 1.562157E-10 1.517507E-10 1.268579E-10 1.558190E-10 1.360706E-10 1.459033E-10 1.510817E-10 1.530411E-10 1.338871E-10 1.188012E-10 1.441942E-10 1.495393E-10 1.259181E-10 1.176425E-10 1.407163E-10 1.050875E-10 1.252386E-10 1.416217E-10 1.324234E-10 1.482101E-10 1.564289E-10 1.307656E-10 1.064255E-10 1.095464E-10 1.204261E-10
 1.100805E-10 1.157373E-10 1.214932E-10 1.116159E-10 1.104849E-10 1.211160E-10 1.428369E-10 1.260379E-10 1.129151E-10 1.222085E-10 1.244289E-10 1.141611E-10 1.182163E-10 1.269054E-10 1.378553E-10 1.255398E-10 1.416974E-10 1.375483E-10 1.223564E-10 1.413352E-10 1.316560E-10 1.509657E-10 1.223320E-10 1.203644E-10 1.307692E-10 1.362203E-10 1.285296E-10 1.303661E-10 1.350890E-10 1.530656E-10 1.642296E-10 1.367405E-10 1.728468E-10 1.509935E-10 1.409848E-10 1.278484E-10 1.273022E-10 1.414448E-10 1.135451E-10 1.111506E-10 9.416437E-11 9.389396E-11 1.196787E-10 1.327997E-10 1.273476E-10 1.470912E-10 1.382772E-10 1.146836E-10 1.092569E-10 1.209239E-10
 1.215364E-10 1.061592E-10 1.115895E-10 1.184050E-10 1.188766E-10 1.143405E-10 1.204291E-10 1.102273E-10 1.195660E-10 1.405138E-10 1.177276E-10 1.105979E-10 1.184622E-10 1.226027E-10 1.022007E-10 1.417318E-10 1.264588E-10 1.269482E-10 1.121397E-10 1.404221E-10 1.201726E-10 1.267687E-10 1.329455E-10 1.303141E-10 1.168845E-10 1.281802E-10 1.191277E-10 1.034310E-10 1.298858E-10 1.312190E-10 1.431236E-10 1.215998E-10 1.467728E-10 1.414327E-10 1.445484E-10 1.373836E-10 1.344787E-10 1.113548E-10 1.141743E-10 1.222181E-10 9.346403E-11 9.994984E-11 1.003457E-10 1.356707E-10 1.332901E-10 1.353049E-10 1.386913E-10 1.257281E-10 1.133693E-10 1.250577E-10
     0.093930     0.106883     0.103548     0.095789     0.099146     0.094926     0.095784     0.103064     0.102897     0.109305     0.093452     0.096293     0.098025     0.097382     0.106124     0.104920     0.095195     0.095800     0.097685     0.094471     0.103994     0.095242     0.096358     0.097402     0.100896     0.095328     0.095323     0.099414     0.091012     0.098387     0.095913     0.103347     0.098345     0.096515     0.105452     0.098657     0.095896     0.104065     0.103077     0.101922     0.100589     0.106920     0.100120     0.101335     0.104374     0.091129     0.095218     0.110947     0.102990     0.101751
     0.090214     0.096394     0.096202     0.097416     0.093845     0.095588     0.098328     0.101565     0.100418     0.107861     0.102110     0.108455     0.105962     0.102634     0.096939     0.100098     0.096727     0.091799     0.095065     0.093516     0.089989     0.092382     0.089357     0.095814     0.096363     0.092191     0.093448     0.093478     0.090485     0.092683     0.098046     0.098924     0.096669     0.092301     0.099434     0.097061     0.105432     0.097995     0.098453     0.095744     0.103199     0.102573     0.098907     0.098028     0.094930     0.096612     0.098685     0.102155     0.098338     0.101645
     0.091446     0.097208     0.102901     0.093887     0.097288     0.091222     0.100204     0.105260     0.098980     0.096855     0.105816     0.105335     0.097528     0.096389     0.093763     0.098367     0.092402     0.091103     0.094344     0.092587     0.089697     0.090404     0.084493     0.086764     0.087590     0.087105     0.090195     0.091848     0.092879     0.095017     0.093250     0.092703     0.094293     0.090451     0.093786     0.090437     0.089482     0.088568     0.090645     0.096781     0.096556     0.095222     0.095103     0.094963     0.098943     0.098666     0.101380     0.102355     0.097010     0.098745
     0.097732     0.100390     0.097059     0.105665     0.094995     0.089165     0.094927     0.092092     0.093830     0.096882     0.093163     0.092900     0.096159     0.096836     0.092778     0.088982     0.099950     0.095235     0.089586     0.092442     0.091679     0.094363     0.089119     0.090334     0.086328     0.089954     0.088924     0.090496     0.085997     0.086081     0.090935     0.083552     0.086990     0.091669     0.091732     0.091320     0.091739     0.090133     0.093048     0.090816     0.090622     0.096930     0.094029     0.097496     0.092909     0.094607     0.104666     0.098189     0.093978     0.099151
     0.100580     0.103993     0.100554     0.104203     0.094528     0.097042     0.092398     0.097649     0.102528     0.098309     0.095725     0.097086     0.101796     0.089265     0.088330     0.089144     0.086716     0.094028     0.092325     0.099816     0.094987     0.087215     0.088736     0.087504     0.087709     0.094762     0.094819     0.086202     0.087510     0.087846     0.087993     0.090531     0.089029     0.089422     0.092870     0.089726     0.087319     0.086680     0.092195     0.096075     0.096072     0.096615     0.100307     0.090740     0.092378     0.094604     0.095839     0.100720     0.094794     0.096163
     0.096505     0.094590     0.093290     0.102364     0.095204     0.096445     0.091149     0.098343     0.093803     0.106707     0.095058     0.095828     0.088219     0.090291     0.086434     0.089070     0.084285     0.085494     0.091599     0.090513     0.097412     0.094812     0.094882     0.089623     0.088954     0.091624     0.086359     0.089102     0.086158     0.095180     0.087384     0.084872     0.085035     0.089976     0.083320     0.099878     0.092146     0.091133     0.099800     0.100220     0.099278     0.093453     0.088436     0.091802     0.096580     0.099198     0.094700     0.095981     0.090937     0.095329
     0.096997     0.089243     0.093015     0.094459     0.088771     0.090484     0.096598     0.092300     0.100462     0.094377     0.101057     0.097596     0.092867     0.096682     0.081914     0.078392     0.083116     0.079788     0.085239     0.093308     0.089637     0.091937     0.083685     0.084622     0.080421     0.084857     0.091377     0.090011     0.089132     0.089025     0.083520     0.088322     0.089007     0.085463     0.094443     0.087855     0.089313     0.099993     0.093735     0.106106     0.087314     0.091019     0.094198     0.098557     0.095124     0.098824     0.093746     0.097432     0.095900     0.095046
     0.096070     0.097590     0.096911     0.091165     0.091866     0.095708     0.092382     0.102587     0.093852     0.089290     0.085460     0.091970     0.092356     0.090634     0.090406     0.085690     0.091501     0.086400     0.091194     0.090057     0.086928     0.089568     0.085799     0.090203     0.087537     0.086003     0.088413     0.090645     0.081118     0.082504     0.086638     0.093508     0.090524     0.089508     0.092435     0.088114     0.093597     0.098973     0.089820     0.095717     0.099521     0.089105     0.089030     0.098784     0.100870     0.090345     0.096095     0.096051     0.094713     0.098535
     0.098420     0.094593     0.105261     0.088579     0.087959     0.083818     0.096461     0.099663     0.102105     0.105081     0.100285     0.087492     0.082670     0.094319     0.085143     0.082843     0.089510     0.089675     0.082552     0.087755     0.091939     0.090092     0.088627     0.081771     0.089836     0.087474     0.081603     0.089295     0.085598     0.080688     0.082502     0.083185     0.081219     0.090455     0.093575     0.088915     0.091180     0.091137     0.094603     0.096331     0.095345     0.097226     0.091432     0.098752     0.090788     0.095174     0.095378     0.088875     0.091868     0.092711
     0.089358     0.091169     0.094228     0.090922     0.092833     0.093932     0.095912     0.090581     0.097792     0.100227     0.099401     0.094000     0.095986     0.094086     0.094297     0.082215     0.087941     0.094408     0.093213     0.089199     0.096100     0.086594     0.086854     0.086109     0.081018     0.079734     0.076326     0.086273     0.091996     0.087656     0.087367     0.086765     0.092189     0.092132     0.083121     0.083888     0.084652     0.085338     0.089846     0.092183     0.094518     0.106967     0.093959     0.092493     0.091854     0.092188     0.091016     0.092461     0.085315     0.089312
     0.101195     0.099228     0.099849     0.098060     0.096322     0.090284     0.096727     0.098470     0.091909     0.092530     0.100714     0.094835     0.092057     0.088567     0.090912     0.083824     0.087275     0.082303     0.082570     0.085988     0.083289     0.088285     0.087172     0.101851     0.093589     0.084915     0.085229     0.084851     0.091561     0.089868     0.088624     0.097773     0.089083     0.079950     0.090902     0.088781     0.084965     0.087571     0.092860     0.094417     0.098686     0.091308     0.093166     0.085838     0.086534     0.088930     0.090620     0.089918     0.087562     0.090792
     0.090711     0.090092     0.091155     0.093168     0.102177     0.095309     0.095379     0.092512     0.097603     0.087848     0.091824     0.087310     0.088836     0.091285     0.094054     0.089001     0.090738     0.088140     0.087657     0.079662     0.085261     0.089960     0.091035     0.091079     0.087021     0.091505     0.088706     0.084272     0.088865     0.090074     0.085405     0.094425     0.097428     0.093911     0.077595     0.094801     0.092614     0.086958     0.087071     0.085996     0.094222     0.090562     0.092585     0.093244     0.092601     0.085854     0.089587     0.090752     0.086566     0.092096
     0.091123     0.086577     0.089598     0.087914     0.089126     0.090682     0.088923     0.098461     0.096250     0.092803     0.081698     0.081439     0.087954     0.085583     0.091514     0.091515     0.091686     0.096322     0.090416     0.086602     0.088402     0.097924     0.086598     0.087132     0.090360     0.084663     0.083010     0.090831     0.096114     0.083524     0.088368     0.093413     0.095856     0.091991     0.093381     0.087074     0.088309     0.086004     0.081987     0.092077     0.098197     0.098635     0.095279     0.087393     0.100039     0.086102     0.085912     0.089888     0.088000     0.093143
     0.083253     0.087391     0.088779     0.086600     0.092785     0.090754     0.094063     0.086113     0.091876     0.097135     0.088285     0.092890     0.088869     0.085568     0.086216     0.083956     0.085395     0.088816     0.085863     0.083274     0.088848     0.093576     0.088398     0.088675     0.090355     0.092464     0.080640     0.101493     0.094312     0.091209     0.094067     0.083394     0.086165     0.098544     0.091742     0.090483     0.090715     0.085910     0.084431     0.089580     0.079622     0.101201     0.091142     0.098471     0.096108     0.096427     0.085700     0.088224     0.088670     0.090327
     0.088023     0.087948     0.089160     0.087304     0.091411     0.086041     0.090555     0.083848     0.095418     0.087239     0.086998     0.077569     0.090171     0.088871     0.087177     0.086966     0.089406     0.078136     0.076928     0.083216     0.082237     0.085860     0.075820     0.089620     0.096086     0.088112     0.090075     0.089500     0.090687     0.089085     0.081998     0.084883     0.082338     0.083564     0.089371     0.091231     0.089288     0.083464     0.089534     0.089650     0.096363     0.089339     0.090438     0.086911     0.089284     0.086085     0.086171     0.092789     0.093001     0.098989
     0.094157     0.085754     0.086097     0.088360     0.087649     0.089086     0.093457     0.085191     0.088405     0.085681     0.091734     0.084757     0.085931     0.086960     0.086978     0.090666     0.088851     0.091804     0.090677     0.087896     0.082842     0.084744     0.085748     0.077724     0.084413     0.091895     0.087396     0.087628     0.088044     0.083010     0.097867     0.092407     0.082595     0.087363     0.084629     0.079921     0.079900     0.087286     0.089906     0.084627     0.092835     0.086973     0.095226     0.091506     0.091001     0.086618     0.092249     0.087913     0.088338     0.090058
     0.091472     0.085472     0.079851     0.086595     0.084896     0.086536     0.085523     0.087115     0.084967     0.085924     0.084124     0.080965     0.092536     0.085510     0.087477     0.083621     0.085938     0.084379     0.081393     0.080529     0.085678     0.087944     0.086696     0.077406     0.085779     0.090163     0.091497     0.091298     0.092009     0.086573     0.079089     0.080718     0.082315     0.085183     0.080312     0.086910     0.087471     0.090067     0.086182     0.083848     0.086602     0.094847     0.088463     0.094265     0.086864     0.085579     0.081769     0.083455     0.094928     0.080747
     0.083927     0.085668     0.088067     0.081369     0.084841     0.091174     0.081343     0.086342     0.089871     0.094190     0.087560     0.080056     0.085559     0.082485     0.076883     0.082151     0.087050     0.087332     0.078404     0.086406     0.088615     0.080902     0.082784     0.085099     0.089246     0.075632     0.083894     0.082075     0.090242     0.081463     0.087230     0.078976     0.089398     0.083070     0.077919     0.081077     0.082406     0.088109     0.089551     0.082159     0.083096     0.093758     0.086141     0.087715     0.087644     0.088271     0.085278     0.085210     0.082637     0.083480
     0.087094     0.085367     0.085149     0.087054     0.084959     0.080574     0.078590     0.084996     0.079940     0.084007     0.085055     0.080918     0.086096     0.081797     0.082490     0.082382     0.076838     0.080034     0.081967     0.082312     0.076244     0.087085     0.088251     0.078198     0.080689     0.086541     0.082660     0.080970     0.086255     0.091412     0.081435     0.086557     0.090946     0.085716     0.080963     0.081656     0.092338     0.085543     0.087163     0.080081     0.086329     0.090420     0.089315     0.082370     0.083455     0.089578     0.082065     0.085445     0.082423     0.082535
     0.083178     0.083135     0.086244     0.082851     0.082604     0.080978     0.084765     0.082525     0.080075     0.081099     0.081646     0.083325     0.085116     0.081739     0.083830     0.081319     0.079156     0.072836     0.081415     0.077770     0.084389     0.076007     0.076647     0.082391     0.079516     0.087025     0.085195     0.074877     0.065735     0.078160     0.075232     0.077307     0.079159     0.086669     0.080319     0.079879     0.074880     0.084145     0.072590     0.080900     0.086579     0.081616     0.085534     0.087025     0.089178     0.086864     0.079183     0.087030     0.084110     0.081674
     0.082516     0.087382     0.086813     0.083928     0.077004     0.079888     0.082700     0.083359     0.079869     0.082190     0.078871     0.080372     0.088760     0.080121     0.079632     0.076755     0.073392     0.076584     0.075935     0.078870     0.074716     0.081203     0.078475     0.073486     0.074367     0.080258     0.080820     0.075643     0.071831     0.082584     0.091987     0.079080     0.078616     0.066803     0.071863     0.074453     0.073220     0.078163     0.076010     0.071860     0.075209     0.085705     0.084726     0.080817     0.082220     0.081826     0.080865     0.079729     0.082285     0.081513
     0.076162     0.078393     0.081453     0.074367     0.075207     0.075396     0.079007     0.078343     0.079381     0.077687     0.073785     0.070741     0.075169     0.074353     0.072979     0.070713     0.064946     0.068586     0.072963     0.074989     0.078522     0.074144     0.068667     0.072843     0.072813     0.077055     0.069357     0.068954     0.073698     0.074136     0.077159     0.072438     0.076656     0.070060     0.071548     0.074543     0.077944     0.067048     0.070999     0.070490     0.081565     0.074908     0.077516     0.077730     0.076712     0.074098     0.079413     0.081490     0.080602     0.078061
     0.053997     0.052474     0.052958     0.053438     0.056174     0.056747     0.057436     0.060786     0.062034     0.062142     0.062241     0.061700     0.061764     0.059682     0.062104     0.061033     0.061762     0.063239     0.064918     0.067909     0.068705     0.071347     0.068635     0.067636     0.067273     0.066378     0.067786     0.069768     0.065180     0.067934     0.067428     0.064651     0.065357     0.062379     0.062440     0.063320     0.064548     0.063971     0.063790     0.062180     0.066847     0.064395     0.059814     0.057446     0.056906     0.055290     0.054218     0.053013     0.053828     0.052708
     0.043722     0.044849     0.046231     0.046534     0.047448     0.049405     0.049395     0.049665     0.051443     0.051846     0.053056     0.051492     0.052955     0.052269     0.053057     0.055261     0.055390     0.056881     0.053028     0.057577     0.057000     0.058856     0.059049     0.061028     0.059495     0.062167     0.058803     0.059580     0.057186     0.058321     0.059014     0.058881     0.058095     0.055387     0.054888     0.055593     0.055228     0.054822     0.053702     0.053959     0.052287     0.052744     0.051560     0.048478     0.047504     0.046969     0.045656     0.046230     0.045779     0.045236
     0.042188     0.042273     0.042386     0.043116     0.044248     0.044650     0.046388     0.048795     0.051521     0.050107     0.050337     0.050753     0.049151     0.050368     0.050348     0.051764     0.053708     0.053440     0.054441     0.053661     0.055997     0.055841     0.056343     0.058397     0.058161     0.056243     0.055330     0.057043     0.056932     0.055600     0.055836     0.052859     0.056006     0.052102     0.051611     0.052288     0.050507     0.050697     0.050585     0.049031     0.050890     0.049940     0.045852     0.044736     0.043496     0.042856     0.041959     0.042231     0.040980     0.041589
     0.042920     0.042776     0.043336     0.043321     0.043779     0.045142     0.045377     0.047530     0.050429     0.049543     0.050286     0.051125     0.049134     0.049815     0.050181     0.052197     0.052869     0.052206     0.056750     0.056302     0.054439     0.058031     0.055516     0.056404     0.057684     0.056903     0.056550     0.057639     0.058404     0.057700     0.058372     0.055323     0.052863     0.055311     0.054529     0.052820     0.052318     0.051422     0.051763     0.051274     0.052050     0.051222     0.047767     0.045928     0.044057     0.044476     0.043720     0.042549     0.042199     0.042113
     0.045375     0.044955     0.045125     0.045255     0.047550     0.047872     0.049609     0.052397     0.052877     0.054199     0.052379     0.053960     0.053779     0.053905     0.053691     0.055054     0.054367     0.055850     0.058517     0.055115     0.056454     0.059739     0.057121     0.057909     0.057194     0.056538     0.060929     0.058573     0.060439     0.060337     0.060280     0.058449     0.057037     0.056411     0.054391     0.055681     0.054265     0.052689     0.052341     0.052063     0.053484     0.051737     0.049313     0.049568     0.049643     0.047231     0.047180     0.047373     0.047298     0.046464
     0.054621     0.057737     0.058411     0.058246     0.056370     0.055056     0.055743     0.060022     0.062404     0.063900     0.062932     0.060999     0.061501     0.063681     0.065449     0.064565     0.065056     0.062976     0.066689     0.063120     0.067354     0.067170     0.064560     0.065199     0.069367     0.065982     0.067861     0.068405     0.066816     0.067011     0.065107     0.064447     0.064362     0.064588     0.061992     0.062125     0.061940     0.061320     0.062125     0.063614     0.060565     0.061561     0.060220     0.057796     0.058885     0.056524     0.058728     0.059663     0.058000     0.055399
     0.078129     0.073880     0.075975     0.074740     0.076678     0.074033     0.076721     0.076529     0.080720     0.076367     0.071723     0.075117     0.068906     0.071760     0.070752     0.067784     0.070143     0.071971     0.071020     0.069635     0.073707     0.070544     0.074208     0.079415     0.070188     0.062907     0.080021     0.074432     0.074016     0.072451     0.077526     0.069115     0.073193     0.070179     0.066604     0.069921     0.075574     0.068200     0.071668     0.071971     0.076437     0.077659     0.080197     0.075839     0.079250     0.078603     0.073061     0.078424     0.077806     0.080705
     0.076522     0.078062     0.080544     0.083541     0.080904     0.079175     0.084252     0.078054     0.083425     0.085976     0.079417     0.082478     0.076726     0.071550     0.079889     0.080583     0.077614     0.084374     0.087312     0.078637     0.075726     0.079253     0.079993     0.074807     0.076895     0.071631     0.079810     0.081030     0.075809     0.076927     0.075323     0.077302     0.075973     0.086560     0.072091     0.077458     0.072946     0.073741     0.069138     0.076385     0.080407     0.078125     0.076069     0.085035     0.084434     0.081352     0.080018     0.083343     0.083037     0.085410
     0.082119     0.083523     0.092707     0.083178     0.085167     0.083265     0.087654     0.087314     0.079929     0.076628     0.081658     0.087917     0.077514     0.081525     0.073349     0.077410     0.083281     0.082586     0.086159     0.075334     0.080971     0.079037     0.077341     0.080156     0.080712     0.082819     0.078367     0.082759     0.073471     0.086911     0.079033     0.078987     0.080995     0.079474     0.075889     0.084131     0.079872     0.080445     0.078357     0.077150     0.085966     0.084522     0.084139     0.080985     0.087083     0.080650     0.086001     0.086487     0.081385     0.081125
     0.086383     0.083129     0.085543     0.086058     0.079815     0.084017     0.094325     0.087995     0.082558     0.084117     0.075177     0.077519     0.083717     0.079797     0.086523     0.081045     0.092121     0.082802     0.088249     0.088384     0.081427     0.082831     0.080899     0.084785     0.078823     0.085286     0.082213     0.081200     0.081605     0.086883     0.076087     0.075628     0.085498     0.078346     0.089253     0.079457     0.079843     0.081258     0.082825     0.089533     0.082895     0.089077     0.082557     0.084159     0.086013     0.087229     0.083425     0.084739     0.088648     0.086713
     0.081704     0.086511     0.083408     0.087781     0.083865     0.090456     0.089111     0.083291     0.090098     0.083567     0.086337     0.085571     0.088817     0.086473     0.081057     0.081661     0.084102     0.081732     0.080082     0.076350     0.073798     0.078568     0.082981     0.077219     0.083413     0.085213     0.090250     0.077797     0.096094     0.093104     0.087987     0.087520     0.080305     0.086006     0.080212     0.088442     0.087510     0.091503     0.096099     0.083701     0.093423     0.092231     0.083364     0.087652     0.088387     0.085242     0.084142     0.084579     0.083599     0.086490
     0.089277     0.084760     0.081497     0.085598     0.090171     0.090710     0.085859     0.090505     0.084407     0.082463     0.092838     0.088860     0.092128     0.091033     0.078085     0.082972     0.086814     0.081878     0.092339     0.082537     0.090211     0.088716     0.079120     0.094805     0.090596     0.090595     0.096083     0.086799     0.083354     0.085672     0.080320     0.085421     0.084298     0.093812     0.088630     0.094612     0.083302     0.088338     0.092461     0.080806     0.084865     0.098735     0.089152     0.091523     0.086237     0.084359     0.081208     0.084852     0.086321     0.090644
     0.093807     0.083177     0.082799     0.086366     0.087078     0.091064     0.087706     0.092032     0.082490     0.090769     0.089858     0.080854     0.087879     0.079874     0.084246     0.084659     0.082424     0.088925     0.078643     0.089216     0.090100     0.092882     0.086642     0.092921     0.088815     0.088376     0.092378     0.086484     0.083050     0.087723     0.090497     0.096549     0.088939     0.082714     0.084796     0.089472     0.080167     0.087756     0.086985     0.095547     0.091149     0.091772     0.090674     0.092464     0.089934     0.091383     0.078073     0.090088     0.090291     0.088391
     0.089343     0.092133     0.086148     0.083519     0.088871     0.082212     0.084585     0.089421     0.089423     0.085414     0.084308     0.088521     0.086954     0.088074     0.079418     0.082708     0.088317     0.091493     0.086749     0.092440     0.091943     0.096077     0.093113     0.087306     0.081729     0.080261     0.082508     0.087084     0.084322     0.083247     0.091086     0.091950     0.087096     0.080645     0.085687     0.081659     0.088861     0.089676     0.092100     0.091907     0.088523     0.088652     0.096490     0.095385     0.087325     0.089232     0.087945     0.091962     0.090484     0.095186
     0.089733     0.092907     0.096319     0.083739     0.088430     0.082879     0.090988     0.094036     0.096712     0.089884     0.087073     0.086571     0.091853     0.084414     0.084886     0.081578     0.088726     0.099100     0.089077     0.088860     0.080654     0.081934     0.083769     0.092416     0.079068     0.096101     0.088250     0.087088     0.084105     0.091378     0.086227     0.088988     0.092330     0.083545     0.086146     0.089745     0.081885     0.093221     0.091713     0.098617     0.087786     0.091966     0.094787     0.091209     0.083625     0.087587     0.089387     0.083663     0.089548     0.092377
     0.096354     0.090732     0.084452     0.086534     0.089731     0.084114     0.092566     0.090069     0.090754     0.092334     0.091644     0.087030     0.090476     0.087634     0.085749     0.087663     0.096086     0.090295     0.089126     0.086601     0.090609     0.090974     0.086227     0.079625     0.089406     0.090023     0.084292     0.083100     0.089812     0.091335     0.090231     0.089425     0.086892     0.085028     0.081984     0.093101     0.080205     0.096081     0.092352     0.089576     0.098433     0.088638     0.089442     0.091685     0.093610     0.081346     0.081427     0.084862     0.090401     0.083068
     0.087684     0.088940     0.084016     0.082987     0.094540     0.086525     0.092644     0.088927     0.096141     0.095698     0.103616     0.087111     0.089278     0.085988     0.081544     0.089768     0.087353     0.094582     0.088500     0.086149     0.091749     0.086764     0.089677     0.088491     0.093973     0.098376     0.082550     0.088309     0.087159     0.088148     0.087755     0.088685     0.090812     0.088501     0.088512     0.088253     0.087363     0.092765     0.095981     0.097496     0.092236     0.093799     0.097535     0.096604     0.095771     0.086302     0.089454     0.088224     0.086924     0.094520
     0.087957     0.091883     0.088212     0.087453     0.094652     0.093038     0.097308     0.088210     0.088743     0.091834     0.094872     0.090832     0.093046     0.092810     0.083778     0.087616     0.086797     0.093620     0.092278     0.080546     0.081939     0.082837     0.083829     0.092704     0.091822     0.093383     0.094000     0.092082     0.090036     0.084449     0.088197     0.083256     0.088929     0.083483     0.084327     0.088724     0.085699     0.098150     0.087437     0.088078     0.092005     0.092725     0.089207     0.088858     0.088455     0.090481     0.092369     0.090702     0.091010     0.094041
     0.087444     0.092548     0.087534     0.091903     0.095330     0.094645     0.094360     0.096520     0.092825     0.089367     0.086512     0.097463     0.099913     0.088021     0.090656     0.088928     0.088547     0.085379     0.082651     0.089898     0.089347     0.093417     0.090531     0.084415     0.087594     0.088208     0.089631     0.087356     0.086333     0.092984     0.092163     0.094157     0.094155     0.090020     0.083146     0.086919     0.089151     0.098082     0.091102     0.091106     0.095915     0.104868     0.092563     0.090080     0.096509     0.086257     0.092752     0.091014     0.087816     0.084016
     0.091807     0.094662     0.094340     0.098814     0.096230     0.095158     0.093506     0.102361     0.101294     0.096678     0.097116     0.089640     0.093712     0.087422     0.090872     0.093161     0.091267     0.091987     0.090170     0.093676     0.091856     0.087453     0.084528     0.085139     0.089058     0.087104     0.088500     0.092732     0.081404     0.087089     0.090213     0.086325     0.087879     0.090430     0.091574     0.093407     0.097011     0.096791     0.087697     0.091613     0.098259     0.106925     0.094358     0.096044     0.094177     0.090602     0.089250     0.089135     0.090585     0.096847
     0.101648     0.100262     0.098741     0.096128     0.087814     0.095164     0.098731     0.096846     0.096633     0.085589     0.090868     0.094742     0.086197     0.089298     0.088289     0.083891     0.087472     0.083934     0.087268     0.092242     0.086639     0.087119     0.085407     0.083855     0.085276     0.094050     0.090004     0.088791     0.087645     0.087368     0.090658     0.090388     0.090749     0.086356     0.089685     0.085736     0.091547     0.088720     0.097595     0.097160     0.086464     0.096665     0.096618     0.087318     0.095057     0.091762     0.094567     0.097307     0.104878     0.100498
     0.087996     0.091856     0.090317     0.096702     0.098486     0.096607     0.090636     0.097237     0.101194     0.100880     0.097627     0.089570     0.094359     0.086576     0.083026     0.085139     0.087868     0.087583     0.089351     0.089813     0.083938     0.087141     0.084560     0.085499     0.087991     0.090503     0.094260     0.093513     0.092905     0.098103     0.092031     0.087141     0.086277     0.087576     0.084338     0.085446     0.087805     0.092938     0.099405     0.093723     0.096654     0.098855     0.091567     0.085287     0.090097     0.099322     0.089450     0.103772     0.099963     0.098657
     0.102298     0.101910     0.090628     0.093016     0.092952     0.101080     0.103042     0.097294     0.100891     0.090930     0.095323     0.093023     0.093190     0.087391     0.088651     0.091895     0.090749     0.087660     0.087888     0.086160     0.090084     0.088938     0.088022     0.094312     0.090070     0.090378     0.094516     0.095424     0.091785     0.086125     0.089411     0.090878     0.092205     0.091268     0.091683     0.098052     0.101178     0.090890     0.093636     0.093337     0.098411     0.099585     0.099439     0.089333     0.086417     0.084833     0.086765     0.095434     0.097267     0.100671
     0.090931     0.094694     0.095415     0.096407     0.091985     0.098468     0.099698     0.101636     0.096641     0.102007     0.097925     0.091758     0.094184     0.097405     0.096309     0.094863     0.091224     0.093713     0.084810     0.089614     0.087971     0.092468     0.093618     0.093726     0.091576     0.091741     0.095961     0.090481     0.089871     0.087813     0.090755     0.094938     0.098614     0.094875     0.092056     0.087745     0.090733     0.092626     0.093200     0.094241     0.096225     0.097826     0.105742     0.096791     0.087336     0.089802     0.089345     0.091620     0.100211     0.098395
     0.093742     0.088967     0.091878     0.097925     0.098912     0.103978     0.100993     0.101679     0.098806     0.106629     0.101281     0.096827     0.097028     0.097446     0.102272     0.096603     0.096496     0.093793     0.098503     0.096257     0.088985     0.093642     0.085682     0.086182     0.089186     0.097115     0.089707     0.094120     0.087609     0.094165     0.088050     0.089640     0.092224     0.096722     0.100221     0.090039     0.095114     0.090807     0.099166     0.095116     0.097570     0.096624     0.096798     0.089590     0.092363     0.088276     0.089520     0.091955     0.089186     0.092714
     0.088507     0.090812     0.091905     0.095708     0.097219     0.108904     0.104061     0.100500     0.098957     0.111513     0.096324     0.100658     0.092366     0.093688     0.092713     0.096192     0.105430     0.091075     0.090267     0.092839     0.093433     0.087722     0.086843     0.090371     0.091096     0.086871     0.090695     0.087041     0.085769     0.090326     0.094031     0.093980     0.093270     0.092730     0.090048     0.100760     0.093935     0.093359     0.094229     0.099566     0.117000     0.104278     0.100730     0.092231     0.090704     0.088547     0.096305     0.097206     0.098091     0.095625
     0.101609     0.103751     0.100392     0.100457     0.101123     0.098146     0.096488     0.100081     0.093906     0.092049     0.093485     0.109449     0.093727     0.095297     0.094590     0.098701     0.095974     0.098431     0.091879     0.090754     0.096550     0.088130     0.095951     0.100280     0.102663     0.095334     0.094336     0.096382     0.089754     0.089759     0.092645     0.092033     0.090265     0.094246     0.097187     0.098837     0.100197     0.096970     0.098842     0.102260     0.112136     0.105842     0.104521     0.093244     0.096418     0.090717     0.088412     0.093967     0.094136     0.090832
     0.091227     0.095357     0.101436     0.102632     0.101750     0.099445     0.102704     0.097999     0.092454     0.102461     0.110151     0.104925     0.098831     0.096645     0.109332     0.104314     0.096060     0.099438     0.099537     0.092775     0.112462     0.102660     0.102342     0.101932     0.102946     0.100894     0.101151     0.118931     0.101370     0.097553     0.094456     0.092865     0.095436     0.094511     0.100606     0.093079     0.095095     0.096656     0.101416     0.115661     0.103788     0.111254     0.111312     0.094914     0.098777     0.091134     0.091768     0.097692     0.092653     0.091728
