MCNP(X) Input File                                            07/22/19 11:26:20 
 1  mcnp      6                          05/08/13  10000000
     0
    10     1    51     2    51     1  2500     1  2500     1     0     0     0     0     0     0     0     0     0
  0.00000     0.100000E+37
     0
     0
 -3.00000     -2.88000     -2.76000     -2.64000     -2.52000     -2.40000     -2.28000     -2.16000     -2.04000     -1.92000     -1.80000     -1.68000     -1.56000     -1.44000     -1.32000     -1.20000     -1.08000     -.960000     -.840000     -.720000     -.600000     -.480000     -.360000     -.240000     -.120000     0.166533E-14 0.120000     0.240000     0.360000     0.480000     0.600000     0.720000     0.840000     0.960000      1.08000      1.20000      1.32000      1.44000      1.56000      1.68000      1.80000      1.92000      2.04000      2.16000      2.28000      2.40000      2.52000      2.64000      2.76000      2.88000      3.00000    
  20.0000      22.0000    
 -5.00000     -4.80000     -4.60000     -4.40000     -4.20000     -4.00000     -3.80000     -3.60000     -3.40000     -3.20000     -3.00000     -2.80000     -2.60000     -2.40000     -2.20000     -2.00000     -1.80000     -1.60000     -1.40000     -1.20000     -1.00000     -.800000     -.600000     -.400000     -.200000     0.216493E-14 0.200000     0.400000     0.600000     0.800000      1.00000      1.20000      1.40000      1.60000      1.80000      2.00000      2.20000      2.40000      2.60000      2.80000      3.00000      3.20000      3.40000      3.60000      3.80000      4.00000      4.20000      4.40000      4.60000      4.80000      5.00000    
 1.592342E-04 1.538672E-04 1.435954E-04 1.680738E-04 1.488968E-04 1.620520E-04 1.548632E-04 1.373511E-04 1.314618E-04 1.483404E-04 1.556631E-04 1.511711E-04 1.706424E-04 1.675513E-04 1.757752E-04 1.690048E-04 1.940834E-04 1.915902E-04 2.101167E-04 2.021296E-04 2.098869E-04 1.935517E-04 2.062985E-04 2.029510E-04 1.926399E-04 1.785337E-04 2.239504E-04 2.055112E-04 2.108145E-04 2.001167E-04 2.067620E-04 1.848264E-04 1.951638E-04 2.062341E-04 1.735272E-04 1.702836E-04 1.701617E-04 1.825563E-04 1.628692E-04 1.450347E-04 1.385049E-04 1.401426E-04 1.530702E-04 1.781178E-04 1.612112E-04 1.690216E-04 1.645012E-04 1.344610E-04 1.336493E-04 1.260938E-04
 1.624729E-04 1.624699E-04 1.518164E-04 1.562136E-04 1.855378E-04 1.628398E-04 1.594977E-04 1.477878E-04 1.638849E-04 1.570256E-04 1.832588E-04 1.658342E-04 1.861541E-04 1.820563E-04 1.895618E-04 2.043889E-04 2.027635E-04 2.205921E-04 2.314987E-04 2.353266E-04 2.492044E-04 2.302705E-04 2.405890E-04 2.232049E-04 2.436749E-04 2.454729E-04 2.445434E-04 2.400343E-04 2.445970E-04 2.145269E-04 2.094434E-04 2.046546E-04 2.176994E-04 2.193100E-04 2.085481E-04 2.105337E-04 1.965817E-04 2.007943E-04 2.003453E-04 1.952612E-04 1.591960E-04 1.631125E-04 1.694305E-04 1.580562E-04 1.613332E-04 1.563403E-04 1.582347E-04 1.627799E-04 1.406597E-04 1.407583E-04
 1.507975E-04 1.603254E-04 1.636049E-04 1.788263E-04 1.770849E-04 1.864492E-04 1.685716E-04 1.594721E-04 1.744974E-04 1.871580E-04 1.877823E-04 1.940734E-04 2.047231E-04 2.323395E-04 2.208500E-04 2.317373E-04 2.384626E-04 2.468419E-04 2.466728E-04 2.599461E-04 2.691259E-04 2.775654E-04 2.655496E-04 2.534136E-04 2.766953E-04 2.643624E-04 2.689461E-04 2.559909E-04 2.725694E-04 2.800166E-04 2.549595E-04 2.439762E-04 2.609306E-04 2.448999E-04 2.414766E-04 2.315675E-04 2.293144E-04 2.047406E-04 2.065499E-04 2.083224E-04 2.035031E-04 1.783971E-04 1.781554E-04 1.698189E-04 1.685956E-04 1.644499E-04 1.664422E-04 1.603865E-04 1.649852E-04 1.633545E-04
 1.575350E-04 1.736013E-04 1.649958E-04 1.614410E-04 1.905825E-04 2.078694E-04 1.818385E-04 1.876468E-04 1.867192E-04 2.240962E-04 2.114401E-04 2.240774E-04 2.304885E-04 2.456600E-04 2.377998E-04 2.364278E-04 2.610614E-04 2.684151E-04 2.946155E-04 3.027214E-04 2.901200E-04 2.708430E-04 2.747486E-04 2.961553E-04 2.970595E-04 2.821748E-04 2.944717E-04 2.998032E-04 3.127418E-04 3.024360E-04 2.706963E-04 2.686770E-04 2.959219E-04 2.719326E-04 2.555321E-04 2.591883E-04 2.380267E-04 2.379538E-04 2.466323E-04 2.259555E-04 2.121358E-04 1.833897E-04 1.954479E-04 1.883081E-04 1.884650E-04 1.778068E-04 1.898090E-04 1.705128E-04 1.833224E-04 1.670977E-04
 1.810014E-04 1.874520E-04 1.983474E-04 1.688821E-04 2.042824E-04 2.192001E-04 2.101078E-04 1.851645E-04 1.835642E-04 2.026857E-04 2.042706E-04 2.368323E-04 2.414163E-04 2.550950E-04 2.870319E-04 2.673829E-04 2.702448E-04 2.730353E-04 2.930991E-04 2.949484E-04 2.773249E-04 2.918971E-04 3.016662E-04 3.306492E-04 3.160514E-04 3.032352E-04 3.008032E-04 3.158390E-04 3.069080E-04 2.966514E-04 3.081703E-04 3.035033E-04 3.042312E-04 3.083257E-04 2.653269E-04 2.836733E-04 2.583909E-04 2.470174E-04 2.228394E-04 2.485846E-04 2.161269E-04 2.092385E-04 2.116382E-04 1.983525E-04 2.057439E-04 1.871527E-04 1.927514E-04 2.065398E-04 1.948790E-04 1.888133E-04
 1.739152E-04 2.048309E-04 2.045274E-04 1.748320E-04 2.040366E-04 1.994227E-04 2.238610E-04 2.321686E-04 2.077127E-04 2.119672E-04 2.248218E-04 2.487683E-04 2.767123E-04 2.750701E-04 2.997646E-04 2.985409E-04 2.815298E-04 2.868498E-04 3.150966E-04 3.073452E-04 3.081782E-04 3.022007E-04 3.227742E-04 3.568353E-04 3.360178E-04 3.245500E-04 3.268343E-04 3.273890E-04 3.065476E-04 3.086490E-04 3.189309E-04 3.096026E-04 3.252201E-04 3.164693E-04 2.956527E-04 2.860240E-04 2.661259E-04 2.505428E-04 2.455930E-04 2.343168E-04 2.190547E-04 2.057041E-04 2.303628E-04 2.133162E-04 2.112818E-04 2.173398E-04 1.998230E-04 1.983246E-04 1.902904E-04 1.852146E-04
 1.917585E-04 1.837621E-04 1.959409E-04 1.935275E-04 2.159478E-04 2.213309E-04 2.308016E-04 2.381744E-04 2.264488E-04 2.272714E-04 2.481381E-04 2.506819E-04 2.818327E-04 2.762308E-04 2.820136E-04 3.122398E-04 3.194223E-04 3.237760E-04 3.411284E-04 3.593709E-04 3.324097E-04 3.424290E-04 3.505526E-04 3.459628E-04 3.828701E-04 3.713561E-04 3.475888E-04 3.574098E-04 3.454377E-04 3.283356E-04 3.487997E-04 3.417659E-04 3.174701E-04 3.194427E-04 3.166786E-04 2.915444E-04 2.743452E-04 2.534983E-04 2.524675E-04 2.460791E-04 2.398783E-04 2.254279E-04 2.469263E-04 2.035623E-04 2.084712E-04 2.025236E-04 1.859289E-04 1.906322E-04 1.911318E-04 1.869524E-04
 2.057245E-04 1.926614E-04 1.934218E-04 2.240923E-04 2.104283E-04 2.175724E-04 2.309146E-04 2.368119E-04 2.408183E-04 2.476739E-04 2.694230E-04 2.768824E-04 2.975837E-04 3.084499E-04 3.030224E-04 3.226252E-04 3.411180E-04 3.447274E-04 3.523910E-04 3.609695E-04 3.498391E-04 3.625515E-04 3.819538E-04 3.777043E-04 3.632148E-04 3.781416E-04 3.582129E-04 3.821014E-04 3.749779E-04 3.831273E-04 3.683728E-04 3.579557E-04 3.413836E-04 3.306776E-04 3.338673E-04 3.101644E-04 2.804865E-04 3.037258E-04 2.733697E-04 2.638030E-04 2.373043E-04 2.445564E-04 2.471076E-04 2.194826E-04 2.208561E-04 2.040704E-04 2.153962E-04 2.024057E-04 1.875942E-04 1.918516E-04
 2.110545E-04 1.999454E-04 2.187569E-04 2.397659E-04 2.594166E-04 2.619867E-04 2.454283E-04 2.214286E-04 2.342733E-04 2.341263E-04 2.830399E-04 2.906869E-04 3.114585E-04 3.193163E-04 3.374185E-04 3.365920E-04 3.389334E-04 3.506655E-04 3.911795E-04 3.531937E-04 3.657941E-04 3.904278E-04 3.952184E-04 4.064377E-04 4.211009E-04 4.245437E-04 3.972493E-04 4.077591E-04 4.017018E-04 3.872256E-04 3.975761E-04 3.762009E-04 3.553224E-04 3.345374E-04 3.467117E-04 3.273506E-04 3.214517E-04 3.058339E-04 3.050328E-04 2.624384E-04 2.484430E-04 2.468527E-04 2.431047E-04 2.424202E-04 2.514097E-04 2.254455E-04 2.154513E-04 2.066598E-04 1.835671E-04 2.014132E-04
 2.344821E-04 2.235682E-04 2.330564E-04 2.447219E-04 2.412884E-04 2.480378E-04 2.504411E-04 2.315924E-04 2.364782E-04 2.610575E-04 2.681963E-04 2.774038E-04 2.839094E-04 3.207188E-04 3.384314E-04 3.381932E-04 3.563938E-04 3.684048E-04 3.834628E-04 3.689008E-04 3.727813E-04 4.118063E-04 3.953918E-04 4.132920E-04 4.063948E-04 3.922948E-04 4.044179E-04 4.250536E-04 4.381921E-04 4.061953E-04 4.090910E-04 3.566918E-04 3.676395E-04 3.647350E-04 3.600739E-04 3.341735E-04 3.244819E-04 2.983485E-04 2.836010E-04 2.851749E-04 2.454750E-04 2.385762E-04 2.295285E-04 2.582017E-04 2.528857E-04 2.578534E-04 2.166283E-04 2.169863E-04 2.143489E-04 2.265428E-04
 1.959040E-04 2.070106E-04 2.178434E-04 2.483344E-04 2.597909E-04 2.464794E-04 2.459229E-04 2.441688E-04 2.576024E-04 2.611263E-04 2.908447E-04 3.144822E-04 2.873064E-04 3.075023E-04 3.300724E-04 3.544282E-04 3.785548E-04 3.863396E-04 4.037485E-04 3.913943E-04 4.014139E-04 3.983767E-04 4.043781E-04 4.293094E-04 4.205422E-04 4.233501E-04 4.288841E-04 3.935132E-04 3.949746E-04 3.919520E-04 4.014756E-04 4.088425E-04 3.941167E-04 3.705958E-04 3.558630E-04 3.186280E-04 3.706280E-04 3.404420E-04 3.209912E-04 2.765863E-04 2.539294E-04 2.298782E-04 2.412590E-04 2.754452E-04 2.663502E-04 2.361748E-04 2.362098E-04 2.449751E-04 2.431587E-04 2.428399E-04
 2.086366E-04 2.092679E-04 2.444674E-04 2.517320E-04 2.479358E-04 2.695500E-04 2.605631E-04 2.428476E-04 2.544922E-04 2.861900E-04 3.086250E-04 3.169766E-04 3.267468E-04 3.199475E-04 3.476183E-04 3.747604E-04 3.892680E-04 4.294921E-04 4.188825E-04 4.107067E-04 4.056586E-04 4.025850E-04 4.466944E-04 4.500307E-04 4.311415E-04 4.304847E-04 4.075254E-04 4.244902E-04 4.160205E-04 4.406189E-04 4.346588E-04 3.764720E-04 3.982141E-04 3.868726E-04 3.645887E-04 3.549056E-04 3.641557E-04 3.375946E-04 3.343035E-04 2.899520E-04 2.777865E-04 2.742193E-04 2.584303E-04 2.563490E-04 2.465727E-04 2.580189E-04 2.707583E-04 2.366659E-04 2.365805E-04 2.250405E-04
 2.262918E-04 2.309235E-04 2.548125E-04 2.529294E-04 2.770938E-04 2.821870E-04 2.860003E-04 2.764881E-04 2.473221E-04 2.879091E-04 3.198094E-04 3.376944E-04 3.400760E-04 3.704661E-04 3.946070E-04 4.070703E-04 4.050609E-04 4.436624E-04 4.348804E-04 4.480206E-04 4.295236E-04 4.207789E-04 4.501833E-04 4.393036E-04 4.420770E-04 4.609602E-04 4.340017E-04 4.231356E-04 4.614013E-04 4.367701E-04 4.438656E-04 4.084804E-04 4.207500E-04 4.166919E-04 3.922137E-04 3.811369E-04 3.631149E-04 3.678101E-04 3.499990E-04 3.330723E-04 3.049102E-04 2.503147E-04 2.554377E-04 2.403907E-04 2.669531E-04 2.747468E-04 2.540869E-04 2.382184E-04 2.522585E-04 2.302332E-04
 2.442216E-04 2.663219E-04 2.367694E-04 2.548754E-04 2.690140E-04 2.658588E-04 2.598444E-04 2.681082E-04 2.463248E-04 3.003570E-04 3.216492E-04 3.478265E-04 3.542188E-04 3.925788E-04 3.785177E-04 4.131745E-04 4.120045E-04 4.059106E-04 4.175096E-04 4.447184E-04 4.047721E-04 4.187921E-04 4.890632E-04 4.726892E-04 4.636086E-04 4.548589E-04 4.735956E-04 4.481714E-04 4.725018E-04 4.517698E-04 4.518137E-04 4.334720E-04 4.248897E-04 4.262819E-04 4.246618E-04 3.930274E-04 4.002855E-04 4.005080E-04 3.639252E-04 3.424953E-04 2.960821E-04 2.791306E-04 2.585660E-04 2.794982E-04 2.479987E-04 2.457607E-04 2.635077E-04 2.528141E-04 2.323467E-04 2.112988E-04
 2.449277E-04 2.467529E-04 2.625882E-04 2.623702E-04 2.784809E-04 2.825701E-04 2.661533E-04 2.692152E-04 2.759182E-04 2.945207E-04 3.250977E-04 3.490650E-04 3.813874E-04 3.688636E-04 3.973121E-04 4.015090E-04 4.325371E-04 4.783342E-04 4.642788E-04 4.482316E-04 4.457213E-04 4.807174E-04 4.915521E-04 4.766383E-04 4.835441E-04 4.831271E-04 4.928241E-04 4.719900E-04 4.669839E-04 4.629312E-04 4.407958E-04 4.595509E-04 4.529652E-04 4.533757E-04 4.263890E-04 4.336859E-04 3.895565E-04 3.804778E-04 3.597985E-04 3.712558E-04 3.057743E-04 2.936754E-04 2.688164E-04 2.956407E-04 2.889690E-04 2.816798E-04 2.788178E-04 2.476906E-04 2.506780E-04 2.272999E-04
 2.437011E-04 2.731198E-04 2.708300E-04 2.827096E-04 2.997695E-04 2.841005E-04 3.099265E-04 2.994280E-04 2.876273E-04 3.058899E-04 3.320176E-04 3.446388E-04 3.513075E-04 3.517145E-04 4.082875E-04 4.334043E-04 4.173201E-04 4.729343E-04 4.525398E-04 4.794602E-04 5.069314E-04 5.072442E-04 5.103275E-04 4.933740E-04 4.880011E-04 5.004860E-04 4.878504E-04 5.016767E-04 4.497291E-04 4.677128E-04 4.963665E-04 4.778777E-04 4.716576E-04 4.677096E-04 4.477682E-04 4.194614E-04 4.097308E-04 3.936358E-04 3.602015E-04 3.354744E-04 3.381218E-04 2.938513E-04 3.144721E-04 2.868636E-04 2.830617E-04 3.015681E-04 2.793295E-04 2.759681E-04 2.564688E-04 2.369894E-04
 2.579843E-04 2.541465E-04 2.548067E-04 2.851484E-04 3.040708E-04 2.980446E-04 3.193597E-04 3.134296E-04 3.021054E-04 3.265540E-04 3.331446E-04 3.903180E-04 4.048761E-04 4.232441E-04 4.330462E-04 4.526815E-04 4.505226E-04 4.683302E-04 4.672137E-04 4.693268E-04 4.959876E-04 5.132551E-04 5.047236E-04 5.222311E-04 5.399214E-04 5.226002E-04 5.045623E-04 5.184751E-04 5.477627E-04 5.048053E-04 4.925947E-04 5.013440E-04 4.674051E-04 4.549834E-04 4.734708E-04 4.912221E-04 4.542529E-04 3.964469E-04 3.907308E-04 3.662348E-04 3.343687E-04 3.045088E-04 3.034120E-04 3.283108E-04 3.251635E-04 3.013955E-04 2.895836E-04 2.857223E-04 2.832691E-04 2.532618E-04
 2.616738E-04 2.848264E-04 2.979213E-04 2.990645E-04 3.142366E-04 3.152533E-04 3.255960E-04 3.219274E-04 3.030355E-04 3.555736E-04 3.606916E-04 4.005641E-04 4.099873E-04 4.364290E-04 4.594805E-04 4.770113E-04 5.211468E-04 5.289811E-04 5.290160E-04 5.070659E-04 4.867492E-04 5.073426E-04 5.097455E-04 5.510972E-04 5.325775E-04 5.047038E-04 5.030653E-04 5.382967E-04 5.505620E-04 5.434499E-04 5.069786E-04 4.962053E-04 4.975057E-04 4.801869E-04 4.511285E-04 4.745470E-04 4.656019E-04 3.999110E-04 3.882474E-04 3.812465E-04 3.369335E-04 2.888250E-04 2.997400E-04 3.327782E-04 3.135422E-04 2.920110E-04 2.940485E-04 2.781232E-04 2.734391E-04 2.873662E-04
 2.821634E-04 3.092509E-04 3.270809E-04 3.080479E-04 3.287357E-04 3.452307E-04 3.529063E-04 3.551678E-04 3.396193E-04 3.607927E-04 3.967292E-04 4.295238E-04 4.530632E-04 4.503243E-04 4.688307E-04 5.291334E-04 5.127125E-04 5.278274E-04 5.420241E-04 5.233458E-04 5.556536E-04 5.580331E-04 5.342944E-04 5.530333E-04 5.242335E-04 5.607378E-04 5.656804E-04 5.305711E-04 5.409152E-04 5.459194E-04 5.351149E-04 5.244311E-04 5.298382E-04 5.110627E-04 4.788122E-04 4.725837E-04 4.685328E-04 4.085758E-04 4.001303E-04 3.886111E-04 3.324493E-04 3.024497E-04 3.122319E-04 3.120714E-04 3.107976E-04 3.109361E-04 2.913371E-04 3.046297E-04 2.994162E-04 2.773233E-04
 2.863549E-04 2.835660E-04 3.217886E-04 3.221025E-04 3.425452E-04 3.520408E-04 3.655883E-04 3.363091E-04 3.635493E-04 4.281537E-04 3.890102E-04 4.398138E-04 4.685889E-04 4.427913E-04 4.891844E-04 5.076002E-04 5.486166E-04 5.346379E-04 5.608963E-04 5.813357E-04 5.809112E-04 5.672719E-04 6.023652E-04 5.711118E-04 5.741196E-04 5.612935E-04 5.890255E-04 5.708466E-04 5.591764E-04 5.631190E-04 5.345700E-04 5.097947E-04 5.345417E-04 5.429517E-04 5.302096E-04 5.324650E-04 4.832967E-04 4.927343E-04 4.110469E-04 3.881262E-04 3.664603E-04 3.378256E-04 3.457342E-04 3.364175E-04 3.201339E-04 3.024634E-04 3.267276E-04 3.070371E-04 3.106491E-04 2.921110E-04
 2.852682E-04 2.986974E-04 3.091414E-04 3.023429E-04 3.367611E-04 3.657635E-04 3.782979E-04 3.766387E-04 3.719753E-04 3.951135E-04 4.381366E-04 4.201411E-04 4.786462E-04 5.014952E-04 5.234712E-04 5.396035E-04 5.675499E-04 5.754727E-04 5.780775E-04 5.946400E-04 5.771826E-04 6.016831E-04 6.207819E-04 6.069431E-04 5.728020E-04 6.097292E-04 6.353094E-04 6.273066E-04 6.024340E-04 6.214611E-04 5.640185E-04 5.824558E-04 5.676748E-04 5.571183E-04 5.550286E-04 5.239265E-04 5.092248E-04 4.986018E-04 4.474561E-04 3.943995E-04 3.809847E-04 3.629059E-04 3.739864E-04 3.351733E-04 3.622071E-04 3.456935E-04 3.725235E-04 3.222911E-04 3.069754E-04 2.992215E-04
 3.276339E-04 3.187968E-04 3.426969E-04 3.670380E-04 4.078131E-04 4.079924E-04 4.140969E-04 3.844061E-04 4.168141E-04 4.642288E-04 4.670993E-04 4.942848E-04 5.482782E-04 5.446772E-04 5.690634E-04 5.775159E-04 6.004998E-04 6.346228E-04 6.361699E-04 6.359649E-04 6.588515E-04 6.619008E-04 6.585292E-04 6.510004E-04 6.555254E-04 6.666403E-04 6.727616E-04 6.436289E-04 6.609160E-04 6.711181E-04 6.397996E-04 6.278183E-04 6.565903E-04 5.718485E-04 6.100701E-04 5.507234E-04 5.204368E-04 5.065650E-04 4.893876E-04 4.690621E-04 4.398632E-04 4.199213E-04 3.912401E-04 4.083719E-04 3.932512E-04 3.572817E-04 3.695935E-04 3.377272E-04 3.152150E-04 3.143429E-04
 6.526012E-04 6.836636E-04 7.221631E-04 7.247849E-04 6.901719E-04 7.159955E-04 7.348172E-04 6.756887E-04 6.217036E-04 6.698277E-04 7.005863E-04 7.259210E-04 7.682667E-04 7.950144E-04 7.779352E-04 8.299138E-04 8.583482E-04 9.241495E-04 9.289079E-04 8.664323E-04 8.935184E-04 8.941482E-04 9.073374E-04 8.963307E-04 9.023384E-04 8.971962E-04 9.873988E-04 9.048386E-04 9.138945E-04 8.933049E-04 8.701102E-04 8.624306E-04 8.488028E-04 8.404672E-04 8.534358E-04 7.976825E-04 7.664389E-04 7.298511E-04 6.952211E-04 6.935574E-04 6.284671E-04 6.520840E-04 7.021823E-04 7.234055E-04 6.941555E-04 7.012884E-04 6.983941E-04 6.951696E-04 6.878322E-04 6.907084E-04
 9.442957E-04 9.511237E-04 9.226813E-04 9.544309E-04 9.548930E-04 9.087183E-04 9.825904E-04 1.009266E-03 8.717733E-04 9.402433E-04 9.646320E-04 9.992469E-04 1.078374E-03 1.074601E-03 1.123442E-03 1.042049E-03 1.104885E-03 1.120976E-03 1.214265E-03 1.133248E-03 1.086882E-03 1.124320E-03 1.142974E-03 1.144394E-03 1.078766E-03 1.098656E-03 1.170873E-03 1.149635E-03 1.198828E-03 1.100675E-03 1.088708E-03 1.080097E-03 1.084641E-03 1.069902E-03 1.113704E-03 1.039878E-03 1.023586E-03 1.009277E-03 9.422227E-04 9.108980E-04 9.158942E-04 8.753881E-04 9.540515E-04 9.866456E-04 9.842104E-04 9.441985E-04 9.881707E-04 9.227018E-04 9.043103E-04 8.980687E-04
 1.045802E-03 1.068775E-03 1.101924E-03 1.071604E-03 1.072774E-03 1.151247E-03 1.091115E-03 1.030760E-03 9.063299E-04 9.898166E-04 1.028063E-03 1.067974E-03 1.153546E-03 1.125945E-03 1.189034E-03 1.220359E-03 1.210719E-03 1.171136E-03 1.258809E-03 1.263129E-03 1.285252E-03 1.243937E-03 1.254022E-03 1.166198E-03 1.244675E-03 1.333734E-03 1.271214E-03 1.263150E-03 1.227840E-03 1.278130E-03 1.208718E-03 1.223322E-03 1.159491E-03 1.186591E-03 1.186536E-03 1.181446E-03 1.153535E-03 1.111326E-03 1.111828E-03 1.030135E-03 1.000227E-03 9.545769E-04 1.144260E-03 1.176136E-03 1.179280E-03 1.183389E-03 1.128612E-03 1.118466E-03 1.108593E-03 1.061241E-03
 1.026266E-03 1.033597E-03 1.062280E-03 1.107149E-03 1.115683E-03 1.121801E-03 1.122251E-03 1.073050E-03 9.808056E-04 1.037785E-03 1.078464E-03 1.116227E-03 1.176763E-03 1.170387E-03 1.166958E-03 1.179794E-03 1.169121E-03 1.245623E-03 1.168131E-03 1.267491E-03 1.368457E-03 1.268336E-03 1.312382E-03 1.293544E-03 1.187071E-03 1.297553E-03 1.272696E-03 1.244574E-03 1.270615E-03 1.240523E-03 1.178357E-03 1.180230E-03 1.269933E-03 1.166627E-03 1.165354E-03 1.158178E-03 1.157714E-03 1.049039E-03 1.036321E-03 1.043278E-03 9.549713E-04 9.046487E-04 1.075505E-03 1.119770E-03 1.132702E-03 1.094160E-03 1.088584E-03 1.111936E-03 1.090375E-03 1.024722E-03
 9.328601E-04 9.390024E-04 9.628166E-04 1.008516E-03 9.457290E-04 9.558629E-04 9.308564E-04 9.099964E-04 8.268369E-04 8.876454E-04 9.586209E-04 9.804838E-04 9.602019E-04 9.819934E-04 1.047006E-03 1.008367E-03 1.099315E-03 1.110499E-03 1.060947E-03 1.117968E-03 1.167564E-03 1.123997E-03 1.176718E-03 1.228231E-03 1.259227E-03 1.146814E-03 1.087901E-03 1.142196E-03 1.135448E-03 1.098680E-03 1.117677E-03 1.063845E-03 1.040368E-03 1.064778E-03 1.068114E-03 1.024432E-03 1.065877E-03 1.010295E-03 9.391709E-04 9.602480E-04 8.658272E-04 8.847616E-04 9.934010E-04 9.485301E-04 9.198349E-04 9.664743E-04 9.104977E-04 8.802310E-04 8.772135E-04 8.399681E-04
 6.346817E-04 6.288470E-04 6.340459E-04 6.413823E-04 6.977718E-04 7.469956E-04 7.866373E-04 7.281095E-04 6.378437E-04 6.254734E-04 6.804008E-04 7.180968E-04 7.509621E-04 8.237175E-04 8.138125E-04 8.295341E-04 8.324637E-04 8.436420E-04 8.054882E-04 8.969189E-04 8.741410E-04 9.046290E-04 8.980909E-04 9.103286E-04 8.680334E-04 9.563170E-04 8.835805E-04 8.487331E-04 9.387510E-04 9.085548E-04 8.827597E-04 9.254793E-04 8.798147E-04 8.365176E-04 8.158711E-04 8.146945E-04 8.202632E-04 8.508107E-04 7.381825E-04 6.898206E-04 6.774985E-04 6.234488E-04 6.758858E-04 7.071955E-04 6.703713E-04 6.976489E-04 6.441522E-04 5.814335E-04 5.760639E-04 6.152048E-04
 3.210446E-04 3.451502E-04 3.564775E-04 3.758527E-04 3.932031E-04 3.884503E-04 4.422467E-04 4.409909E-04 4.000161E-04 4.230169E-04 4.463926E-04 4.898611E-04 5.350541E-04 5.621321E-04 5.701409E-04 6.001659E-04 5.864266E-04 6.116626E-04 6.387870E-04 6.689403E-04 6.267658E-04 6.864484E-04 6.566069E-04 6.520624E-04 6.525210E-04 6.565244E-04 6.426587E-04 6.481337E-04 6.585133E-04 6.453217E-04 6.445342E-04 6.642531E-04 6.449648E-04 6.364673E-04 6.230877E-04 5.657662E-04 5.871437E-04 5.472627E-04 5.338564E-04 4.685117E-04 4.251708E-04 4.103933E-04 4.096397E-04 4.200656E-04 4.072806E-04 3.564278E-04 3.796449E-04 3.600896E-04 3.531842E-04 3.518646E-04
 3.264249E-04 3.257557E-04 3.373264E-04 3.474277E-04 3.574116E-04 3.610508E-04 3.609765E-04 3.536675E-04 3.486675E-04 4.061758E-04 4.243805E-04 4.750479E-04 5.119408E-04 4.985076E-04 5.334445E-04 5.514891E-04 5.605988E-04 5.711052E-04 6.019736E-04 6.019310E-04 5.753921E-04 5.885424E-04 5.909373E-04 6.008005E-04 5.672685E-04 5.711578E-04 5.994624E-04 6.039100E-04 5.908973E-04 6.229743E-04 6.174147E-04 5.823047E-04 5.759504E-04 5.839757E-04 5.788112E-04 5.515325E-04 4.744997E-04 4.859169E-04 4.959535E-04 4.588189E-04 3.985086E-04 4.039810E-04 3.751167E-04 3.365575E-04 3.557007E-04 3.460421E-04 3.478483E-04 3.189520E-04 3.036800E-04 2.882416E-04
 3.004419E-04 3.031924E-04 3.133408E-04 3.302646E-04 3.662111E-04 3.448521E-04 3.410263E-04 3.441250E-04 3.448381E-04 3.909312E-04 4.164273E-04 4.298487E-04 4.618005E-04 5.135298E-04 4.811819E-04 5.352850E-04 5.305431E-04 5.367257E-04 5.670025E-04 5.479907E-04 5.740643E-04 5.513396E-04 5.408503E-04 5.442941E-04 5.445388E-04 5.700598E-04 6.118742E-04 5.805776E-04 5.655625E-04 5.648954E-04 5.564949E-04 5.409027E-04 5.283406E-04 5.418568E-04 5.188777E-04 5.180328E-04 4.651856E-04 4.519213E-04 4.529273E-04 4.297981E-04 3.854416E-04 3.614024E-04 3.759488E-04 3.721944E-04 3.397659E-04 3.463758E-04 3.354267E-04 3.007320E-04 3.105968E-04 3.024659E-04
 3.004679E-04 2.886407E-04 3.071626E-04 3.215890E-04 3.060907E-04 3.102530E-04 3.081342E-04 3.198232E-04 3.236388E-04 3.490062E-04 3.881679E-04 4.123128E-04 4.200708E-04 4.527904E-04 5.023751E-04 5.212944E-04 5.180912E-04 5.075453E-04 5.447925E-04 5.411063E-04 5.432176E-04 5.868661E-04 5.653140E-04 5.406846E-04 5.025880E-04 5.246760E-04 5.696693E-04 5.646543E-04 5.454553E-04 5.289662E-04 4.835471E-04 4.845290E-04 5.131302E-04 5.276471E-04 5.147992E-04 4.948066E-04 4.771782E-04 4.505128E-04 4.197690E-04 3.861119E-04 3.600631E-04 3.446552E-04 3.469616E-04 3.544715E-04 3.140204E-04 3.157590E-04 3.068241E-04 2.959486E-04 2.751184E-04 2.573800E-04
 2.656231E-04 2.827351E-04 2.662535E-04 3.325774E-04 3.225714E-04 3.041422E-04 3.184695E-04 3.216996E-04 3.313712E-04 3.579960E-04 3.466267E-04 3.786127E-04 4.223761E-04 4.527454E-04 4.290649E-04 4.662957E-04 4.719475E-04 4.871250E-04 4.992437E-04 4.933911E-04 5.263882E-04 5.627629E-04 5.361602E-04 5.137800E-04 5.571041E-04 5.285618E-04 5.477366E-04 4.870809E-04 5.195781E-04 5.257431E-04 4.877398E-04 4.792821E-04 4.859717E-04 4.805278E-04 4.840034E-04 4.495964E-04 4.619173E-04 3.969100E-04 4.113359E-04 3.732995E-04 3.367817E-04 3.146585E-04 3.246599E-04 3.377925E-04 3.307928E-04 2.983343E-04 3.022776E-04 2.932635E-04 2.863854E-04 2.831976E-04
 2.567707E-04 2.723644E-04 2.869664E-04 3.290493E-04 3.131386E-04 2.826992E-04 2.993666E-04 3.154937E-04 2.972854E-04 3.264016E-04 3.314502E-04 3.567088E-04 3.703463E-04 4.141361E-04 4.262816E-04 4.635577E-04 4.652194E-04 4.813148E-04 4.941558E-04 4.758267E-04 5.067019E-04 5.256608E-04 4.983025E-04 5.083227E-04 5.004490E-04 4.977771E-04 5.030435E-04 4.922929E-04 4.962370E-04 5.176983E-04 5.064183E-04 4.937194E-04 4.857485E-04 4.832830E-04 4.720946E-04 4.638685E-04 4.171158E-04 4.172143E-04 3.776429E-04 3.454024E-04 3.156289E-04 3.027482E-04 3.009899E-04 3.071427E-04 3.138387E-04 3.224638E-04 3.223667E-04 3.159280E-04 2.680549E-04 2.667744E-04
 2.649823E-04 2.656403E-04 2.997191E-04 3.155322E-04 2.895843E-04 2.851595E-04 2.982617E-04 2.917712E-04 2.871903E-04 3.280011E-04 3.479177E-04 3.628406E-04 3.717085E-04 4.381271E-04 4.239161E-04 4.598554E-04 4.582527E-04 4.608254E-04 4.618369E-04 4.869733E-04 5.130544E-04 4.953552E-04 5.025004E-04 5.142186E-04 5.212117E-04 5.333966E-04 4.843339E-04 5.133806E-04 4.903275E-04 5.214439E-04 4.622042E-04 4.825436E-04 5.024086E-04 4.592335E-04 4.512113E-04 4.021559E-04 4.111472E-04 3.787241E-04 3.626812E-04 3.586376E-04 3.338708E-04 3.203735E-04 3.199512E-04 2.800278E-04 2.865673E-04 2.869532E-04 2.921310E-04 2.732665E-04 2.559504E-04 2.657865E-04
 2.419835E-04 2.613682E-04 2.811812E-04 2.772816E-04 2.774201E-04 2.862318E-04 2.778765E-04 2.896729E-04 2.903625E-04 3.234717E-04 3.376732E-04 3.539651E-04 3.645657E-04 4.064775E-04 4.015250E-04 4.304941E-04 4.551272E-04 4.448489E-04 4.532372E-04 4.769425E-04 5.154844E-04 4.816117E-04 4.795146E-04 4.988886E-04 4.984077E-04 5.150905E-04 5.081178E-04 5.172793E-04 4.801650E-04 4.858739E-04 4.430922E-04 4.732356E-04 4.580126E-04 4.567499E-04 4.225822E-04 4.043493E-04 3.899871E-04 3.619072E-04 3.465158E-04 3.640906E-04 3.365819E-04 3.154302E-04 2.896854E-04 2.828957E-04 2.791790E-04 2.531066E-04 2.759741E-04 2.707494E-04 2.555394E-04 2.473879E-04
 2.343925E-04 2.505300E-04 2.387810E-04 2.724215E-04 2.804803E-04 2.761613E-04 2.892797E-04 2.840485E-04 2.908341E-04 3.265675E-04 3.457145E-04 3.529283E-04 3.791695E-04 3.691329E-04 3.954796E-04 3.849055E-04 4.169296E-04 3.887807E-04 4.222777E-04 4.444428E-04 4.859460E-04 4.787533E-04 4.603405E-04 5.016985E-04 4.604631E-04 4.804133E-04 4.778413E-04 4.875289E-04 4.801167E-04 4.579101E-04 4.519905E-04 4.331049E-04 4.394763E-04 4.423778E-04 4.305610E-04 4.089589E-04 3.785040E-04 3.611459E-04 3.367768E-04 3.084476E-04 3.122570E-04 2.733458E-04 2.681100E-04 2.730960E-04 2.957087E-04 2.830874E-04 2.505304E-04 2.830927E-04 2.552630E-04 2.358173E-04
 2.305470E-04 2.377488E-04 2.488437E-04 2.402402E-04 2.621383E-04 2.799634E-04 2.831277E-04 2.781382E-04 2.822591E-04 2.996894E-04 2.977911E-04 3.429836E-04 3.429679E-04 3.569826E-04 3.826654E-04 3.783025E-04 4.270677E-04 4.021030E-04 4.397409E-04 4.159248E-04 4.345781E-04 4.521314E-04 4.479470E-04 4.356902E-04 4.575612E-04 4.616454E-04 4.543769E-04 4.657020E-04 4.305121E-04 4.444794E-04 4.110319E-04 4.189320E-04 3.857482E-04 3.971279E-04 4.189555E-04 4.085864E-04 3.598083E-04 3.441818E-04 3.144886E-04 3.326747E-04 2.752399E-04 2.568966E-04 2.734447E-04 2.634158E-04 2.696789E-04 2.639377E-04 2.728812E-04 2.423455E-04 2.443128E-04 2.372481E-04
 2.257447E-04 2.318170E-04 2.347711E-04 2.310941E-04 2.418943E-04 2.549342E-04 2.618751E-04 2.639077E-04 2.771594E-04 2.597943E-04 2.844983E-04 2.945949E-04 3.647256E-04 3.409013E-04 3.569462E-04 3.791637E-04 4.057049E-04 3.950446E-04 4.160714E-04 4.239043E-04 4.063581E-04 4.125184E-04 4.280733E-04 4.404102E-04 4.303983E-04 4.014436E-04 3.990529E-04 4.133149E-04 4.267544E-04 4.154896E-04 3.911368E-04 3.798336E-04 3.682757E-04 3.545078E-04 4.006426E-04 3.656660E-04 3.446110E-04 3.402536E-04 3.100756E-04 2.843871E-04 2.595830E-04 2.507529E-04 2.563312E-04 2.700361E-04 2.507000E-04 2.516345E-04 2.369678E-04 2.499831E-04 2.319935E-04 2.223017E-04
 2.264252E-04 2.107775E-04 2.494024E-04 2.629280E-04 2.354282E-04 2.345904E-04 2.484347E-04 2.575387E-04 2.648542E-04 2.701066E-04 2.852377E-04 3.031737E-04 3.280222E-04 3.594646E-04 3.582141E-04 3.461359E-04 3.981288E-04 3.893813E-04 3.910088E-04 3.653897E-04 3.854329E-04 3.711639E-04 4.031298E-04 4.009660E-04 4.177894E-04 4.073145E-04 4.019726E-04 4.002288E-04 4.278933E-04 4.109176E-04 4.025767E-04 3.601086E-04 3.624741E-04 3.639311E-04 3.475989E-04 3.495426E-04 3.371673E-04 3.446852E-04 2.954165E-04 2.637257E-04 2.512016E-04 2.437734E-04 2.484156E-04 2.541398E-04 2.693898E-04 2.433279E-04 2.323304E-04 2.397015E-04 2.469711E-04 2.385633E-04
 1.985719E-04 2.096646E-04 2.114858E-04 2.350727E-04 2.376098E-04 2.441573E-04 2.317707E-04 2.488356E-04 2.383056E-04 2.716325E-04 2.870461E-04 2.889593E-04 3.005987E-04 3.367718E-04 3.430852E-04 3.316951E-04 3.658221E-04 4.021983E-04 3.828551E-04 3.749015E-04 3.864331E-04 3.765642E-04 3.999179E-04 3.780152E-04 3.918064E-04 3.970470E-04 4.166594E-04 4.122061E-04 4.050877E-04 3.959362E-04 3.790041E-04 3.545610E-04 3.742057E-04 3.581669E-04 3.554090E-04 3.473364E-04 3.217269E-04 3.254658E-04 3.109586E-04 2.740118E-04 2.362992E-04 2.277929E-04 2.539193E-04 2.555904E-04 2.435815E-04 2.539262E-04 2.237685E-04 2.357716E-04 2.377965E-04 2.387578E-04
 1.957458E-04 2.108587E-04 2.054056E-04 2.321877E-04 2.264812E-04 2.112881E-04 2.113324E-04 2.304504E-04 2.224703E-04 2.381804E-04 2.702241E-04 2.718237E-04 2.889294E-04 3.118610E-04 3.056199E-04 3.136339E-04 3.401286E-04 3.689661E-04 3.637263E-04 3.723124E-04 3.795500E-04 3.546779E-04 3.965448E-04 3.753567E-04 3.890932E-04 3.800315E-04 3.922862E-04 3.885808E-04 3.839380E-04 4.063847E-04 3.929831E-04 3.372379E-04 3.284863E-04 3.618555E-04 3.479552E-04 3.360299E-04 3.083601E-04 2.970407E-04 2.636294E-04 2.713752E-04 2.243772E-04 2.167954E-04 2.118748E-04 2.615329E-04 2.455354E-04 2.502003E-04 2.421654E-04 2.230644E-04 1.942911E-04 2.049793E-04
 1.950379E-04 1.923412E-04 1.952332E-04 2.200235E-04 2.236989E-04 2.273865E-04 2.363573E-04 2.227593E-04 2.350989E-04 2.279872E-04 2.600217E-04 2.769995E-04 2.780254E-04 2.821925E-04 2.992869E-04 2.881542E-04 3.237873E-04 3.588813E-04 3.311726E-04 3.413852E-04 3.552918E-04 3.516878E-04 3.723964E-04 3.542027E-04 3.678283E-04 3.525023E-04 3.440922E-04 3.528693E-04 3.332519E-04 3.639606E-04 3.322551E-04 3.308165E-04 3.379514E-04 3.177760E-04 3.202525E-04 3.072800E-04 3.050769E-04 2.764415E-04 2.545867E-04 2.643641E-04 2.371476E-04 2.290612E-04 2.277736E-04 2.375686E-04 2.234671E-04 2.309139E-04 2.116914E-04 2.071909E-04 1.941492E-04 1.795717E-04
 1.968330E-04 2.122600E-04 2.267755E-04 2.103619E-04 2.117794E-04 2.060456E-04 2.273643E-04 2.196338E-04 2.182459E-04 2.232681E-04 2.426752E-04 2.467820E-04 2.797876E-04 2.818305E-04 3.212956E-04 3.106583E-04 3.423068E-04 3.428452E-04 3.177245E-04 3.247971E-04 3.269566E-04 3.346117E-04 3.543871E-04 3.522248E-04 3.470582E-04 3.318280E-04 3.320667E-04 3.217712E-04 3.372129E-04 3.192321E-04 3.227418E-04 3.636125E-04 3.307454E-04 3.331144E-04 3.292551E-04 2.939835E-04 2.784342E-04 2.650712E-04 2.380130E-04 2.204765E-04 2.279968E-04 2.083842E-04 2.205314E-04 2.270314E-04 2.129256E-04 2.060559E-04 2.001283E-04 1.917244E-04 1.766027E-04 1.791717E-04
 2.001010E-04 1.999596E-04 2.091166E-04 2.124394E-04 1.972720E-04 1.944956E-04 2.162786E-04 1.869925E-04 2.060189E-04 2.176836E-04 2.357408E-04 2.500460E-04 2.753755E-04 2.797485E-04 3.011131E-04 3.102035E-04 3.206925E-04 3.068035E-04 3.220574E-04 3.181046E-04 3.238209E-04 3.102486E-04 3.396812E-04 3.110952E-04 3.263574E-04 3.090828E-04 3.271707E-04 3.140914E-04 3.284192E-04 3.310318E-04 3.175655E-04 3.287620E-04 3.204994E-04 3.007775E-04 3.238860E-04 2.742364E-04 2.616679E-04 2.651655E-04 2.431296E-04 2.470534E-04 2.093335E-04 1.716627E-04 1.903351E-04 2.175430E-04 2.349550E-04 2.043011E-04 2.060213E-04 2.092776E-04 1.674659E-04 1.571594E-04
 1.739907E-04 1.997750E-04 2.088222E-04 1.836396E-04 1.863079E-04 2.146816E-04 1.971531E-04 1.986066E-04 1.800033E-04 1.991046E-04 1.989242E-04 2.297142E-04 2.368672E-04 2.291539E-04 2.746893E-04 2.466014E-04 2.943656E-04 2.799023E-04 2.963766E-04 3.008743E-04 3.189797E-04 3.021327E-04 3.264163E-04 2.844781E-04 3.329318E-04 2.956350E-04 3.019674E-04 2.894988E-04 2.794547E-04 2.967051E-04 2.967516E-04 2.881015E-04 3.045299E-04 2.802355E-04 2.915023E-04 2.686349E-04 2.651670E-04 2.269217E-04 2.339983E-04 2.216928E-04 2.234725E-04 1.901398E-04 1.935093E-04 2.140094E-04 2.162401E-04 1.965789E-04 2.058382E-04 1.990529E-04 1.931757E-04 1.631214E-04
 1.828265E-04 1.795510E-04 1.926285E-04 1.816569E-04 1.880564E-04 1.883076E-04 1.870146E-04 1.822875E-04 1.743180E-04 1.766644E-04 1.956126E-04 2.047388E-04 2.273570E-04 2.295168E-04 2.386230E-04 2.412872E-04 2.480638E-04 2.497881E-04 2.761519E-04 2.690213E-04 2.997832E-04 2.821150E-04 3.060298E-04 3.009826E-04 2.875705E-04 3.007880E-04 2.882222E-04 2.777485E-04 2.920128E-04 2.915410E-04 2.837797E-04 2.912192E-04 2.837192E-04 2.485941E-04 2.286419E-04 2.639996E-04 2.417485E-04 2.078540E-04 2.215813E-04 2.053693E-04 2.018821E-04 1.831366E-04 1.960185E-04 2.115824E-04 2.057265E-04 2.049231E-04 1.843374E-04 1.731282E-04 1.803549E-04 1.672203E-04
 1.663632E-04 1.728982E-04 1.693737E-04 1.807326E-04 1.711864E-04 1.514128E-04 1.687826E-04 1.764754E-04 1.728188E-04 1.828646E-04 1.922265E-04 1.952186E-04 2.177335E-04 2.003604E-04 2.351964E-04 2.235187E-04 2.232653E-04 2.527843E-04 2.518964E-04 2.337279E-04 2.522721E-04 2.725319E-04 2.635750E-04 2.434032E-04 2.807363E-04 2.752619E-04 2.669330E-04 2.509125E-04 2.706857E-04 2.530264E-04 2.514251E-04 2.542072E-04 2.534224E-04 2.199907E-04 2.143796E-04 2.246068E-04 2.271119E-04 2.117189E-04 2.015772E-04 2.123264E-04 1.744695E-04 1.631191E-04 1.821279E-04 1.807520E-04 1.890316E-04 2.012497E-04 1.844827E-04 1.710825E-04 1.469714E-04 1.555708E-04
 1.467588E-04 1.484335E-04 1.550031E-04 1.452223E-04 1.448349E-04 1.575456E-04 1.774431E-04 1.635195E-04 1.602237E-04 1.776246E-04 1.759971E-04 1.860178E-04 1.987743E-04 1.975025E-04 2.109954E-04 2.100131E-04 2.250066E-04 2.273685E-04 2.078307E-04 2.290412E-04 2.308632E-04 2.583842E-04 2.204428E-04 2.212396E-04 2.345288E-04 2.300892E-04 2.241005E-04 2.350307E-04 2.288456E-04 2.332903E-04 2.486946E-04 2.220702E-04 2.436535E-04 2.165553E-04 2.182640E-04 2.051148E-04 2.001228E-04 2.121504E-04 1.780342E-04 1.693528E-04 1.505594E-04 1.378688E-04 1.681144E-04 1.764776E-04 1.664690E-04 1.814948E-04 1.760066E-04 1.557052E-04 1.533910E-04 1.579663E-04
 1.550323E-04 1.467762E-04 1.411125E-04 1.526426E-04 1.527411E-04 1.496619E-04 1.631716E-04 1.473324E-04 1.538190E-04 1.789462E-04 1.687854E-04 1.695657E-04 1.721946E-04 1.824744E-04 1.543356E-04 1.972454E-04 1.925673E-04 1.971773E-04 1.823764E-04 2.086255E-04 1.974653E-04 1.959490E-04 2.070204E-04 2.027333E-04 1.922877E-04 2.012404E-04 1.975994E-04 1.792967E-04 1.921032E-04 1.929470E-04 2.084298E-04 1.905709E-04 1.978995E-04 1.997450E-04 2.019642E-04 1.930358E-04 1.928501E-04 1.603505E-04 1.608972E-04 1.619882E-04 1.339087E-04 1.369883E-04 1.314732E-04 1.598970E-04 1.599154E-04 1.673551E-04 1.707507E-04 1.637276E-04 1.479871E-04 1.506860E-04
     0.064684     0.070295     0.069183     0.066766     0.068746     0.067978     0.067873     0.072247     0.069490     0.071143     0.063280     0.063280     0.061589     0.059975     0.062027     0.059696     0.056630     0.055028     0.057590     0.056309     0.058815     0.056966     0.059393     0.059846     0.061131     0.057536     0.056809     0.056738     0.054195     0.061534     0.057901     0.060347     0.059664     0.058941     0.062483     0.064392     0.061848     0.066828     0.064028     0.066791     0.066420     0.071295     0.068932     0.070753     0.069870     0.068026     0.067845     0.076107     0.068057     0.067692
     0.061667     0.065952     0.066036     0.066309     0.064724     0.066376     0.068235     0.068840     0.066192     0.070704     0.066023     0.061829     0.064843     0.059993     0.061204     0.055452     0.056284     0.053977     0.054853     0.055276     0.053813     0.053176     0.052139     0.054970     0.054321     0.055103     0.053672     0.052364     0.053286     0.055550     0.057539     0.056387     0.057196     0.055131     0.056370     0.060185     0.062008     0.059375     0.061188     0.058687     0.064045     0.067133     0.065164     0.065101     0.064979     0.067135     0.067577     0.066975     0.064173     0.064891
     0.062891     0.062533     0.067144     0.062741     0.061416     0.060333     0.062121     0.069657     0.062070     0.061189     0.064678     0.063706     0.060148     0.057500     0.054795     0.055243     0.052029     0.050359     0.051852     0.051654     0.051659     0.052082     0.048210     0.049328     0.049352     0.048641     0.050001     0.048579     0.049350     0.052747     0.053056     0.050757     0.051879     0.051556     0.053502     0.053036     0.054536     0.054739     0.055577     0.058225     0.060160     0.061483     0.063125     0.062352     0.062817     0.065798     0.063825     0.066126     0.061836     0.061873
     0.060070     0.061175     0.060922     0.068486     0.062013     0.061000     0.058519     0.059993     0.060179     0.061842     0.056898     0.057289     0.057002     0.056256     0.053991     0.049624     0.053304     0.050677     0.048551     0.048482     0.047058     0.048741     0.048092     0.050073     0.047318     0.049206     0.047052     0.048043     0.046081     0.047474     0.048692     0.045912     0.048646     0.048720     0.049976     0.051212     0.050803     0.051546     0.057683     0.055747     0.057634     0.058624     0.059652     0.062650     0.063674     0.062810     0.066290     0.061404     0.061902     0.060969
     0.062524     0.062740     0.063189     0.062478     0.061434     0.057764     0.058997     0.059663     0.063036     0.059227     0.057204     0.055960     0.056183     0.051463     0.051352     0.050753     0.048026     0.048173     0.046587     0.049578     0.048629     0.046803     0.045954     0.046578     0.045573     0.047719     0.046608     0.044565     0.047610     0.045098     0.045298     0.046770     0.047666     0.048474     0.048567     0.050613     0.049874     0.052020     0.052982     0.057538     0.057499     0.059903     0.062056     0.058535     0.062087     0.059432     0.060269     0.059744     0.056996     0.060182
     0.060049     0.060210     0.058051     0.058455     0.060644     0.054643     0.055540     0.062041     0.054714     0.058592     0.053310     0.053502     0.050296     0.048759     0.048534     0.049232     0.046606     0.046230     0.045993     0.044421     0.046086     0.045740     0.045813     0.044851     0.044064     0.044302     0.044270     0.045570     0.044753     0.045065     0.045265     0.043804     0.046663     0.047840     0.044692     0.049990     0.049589     0.050173     0.052955     0.055331     0.056056     0.058074     0.055591     0.056093     0.059123     0.057887     0.057118     0.058001     0.057993     0.061229
     0.060997     0.056029     0.057946     0.056640     0.053588     0.055048     0.058849     0.057226     0.056906     0.054653     0.054838     0.052248     0.049892     0.049605     0.046128     0.044128     0.044942     0.043015     0.042624     0.044622     0.043108     0.043747     0.042058     0.042073     0.040882     0.044008     0.043593     0.043015     0.042230     0.042318     0.043475     0.044922     0.045775     0.043990     0.046409     0.045396     0.047381     0.051416     0.051154     0.055783     0.051127     0.053565     0.059498     0.056128     0.056564     0.056837     0.057274     0.058832     0.059364     0.059318
     0.059224     0.057545     0.058782     0.054695     0.055133     0.055398     0.053031     0.059023     0.055051     0.050200     0.047907     0.049392     0.047797     0.046238     0.048552     0.044580     0.045699     0.043108     0.045220     0.042699     0.041533     0.041148     0.041363     0.043048     0.042118     0.041948     0.040487     0.041368     0.040738     0.041285     0.043773     0.043738     0.044383     0.043546     0.045189     0.044840     0.046730     0.050121     0.049073     0.051450     0.053564     0.052956     0.054629     0.058971     0.061311     0.054750     0.056048     0.056823     0.057686     0.060446
     0.055889     0.054081     0.059043     0.053874     0.053946     0.052182     0.058358     0.052606     0.054047     0.053937     0.051169     0.047302     0.045466     0.047291     0.042755     0.042210     0.044789     0.042981     0.042596     0.041387     0.041469     0.041080     0.040936     0.039463     0.041587     0.041753     0.039761     0.040958     0.040971     0.040048     0.040835     0.040357     0.040397     0.043634     0.045259     0.043956     0.046217     0.046077     0.051175     0.050705     0.052480     0.054765     0.053096     0.054485     0.054796     0.053421     0.058859     0.058235     0.055743     0.058009
     0.053219     0.050832     0.052324     0.052354     0.050971     0.053404     0.055628     0.054197     0.052291     0.052359     0.051335     0.050075     0.046617     0.045798     0.045978     0.041971     0.042294     0.042896     0.043718     0.040551     0.041249     0.040029     0.039022     0.040193     0.038785     0.039237     0.037584     0.039659     0.040185     0.041083     0.039640     0.040287     0.041935     0.043476     0.042309     0.041721     0.043115     0.045663     0.044670     0.048756     0.051706     0.055019     0.053095     0.053708     0.052537     0.053962     0.054476     0.059059     0.055504     0.055258
     0.054618     0.052902     0.055369     0.053882     0.052912     0.052789     0.054906     0.053956     0.048608     0.046665     0.049203     0.045983     0.046146     0.044816     0.043528     0.039974     0.040347     0.040521     0.039125     0.039553     0.039331     0.040037     0.038414     0.042846     0.040790     0.038726     0.039068     0.038035     0.041022     0.040665     0.041415     0.042628     0.040446     0.039771     0.043213     0.043776     0.043976     0.043239     0.045487     0.046657     0.049953     0.049989     0.052389     0.049334     0.052403     0.051239     0.054308     0.055192     0.054349     0.055947
     0.053435     0.053809     0.052268     0.053314     0.056908     0.052024     0.052717     0.051907     0.051533     0.046422     0.047507     0.045905     0.043898     0.043658     0.041860     0.041588     0.042159     0.039962     0.040349     0.038124     0.038599     0.039299     0.039987     0.040129     0.037833     0.039197     0.039045     0.038811     0.040928     0.042155     0.039193     0.040418     0.042515     0.041944     0.038818     0.044448     0.046819     0.044981     0.043330     0.044445     0.049597     0.050787     0.051532     0.049246     0.051820     0.050598     0.053181     0.053668     0.052706     0.052667
     0.053957     0.050525     0.052858     0.051852     0.053128     0.051945     0.051799     0.055311     0.051360     0.049392     0.044625     0.043111     0.043262     0.041315     0.042479     0.042240     0.039743     0.040226     0.039620     0.040435     0.040881     0.041609     0.039372     0.037361     0.038952     0.038649     0.036522     0.039115     0.041964     0.037950     0.039608     0.039957     0.040820     0.039457     0.039411     0.038686     0.041397     0.041619     0.042862     0.046719     0.048688     0.051373     0.050381     0.050416     0.055138     0.049108     0.048530     0.050895     0.052435     0.053287
     0.047616     0.052593     0.049893     0.051647     0.051870     0.051165     0.050288     0.048941     0.048136     0.049175     0.046252     0.046193     0.043835     0.039754     0.039261     0.039082     0.038994     0.039239     0.037797     0.037446     0.038413     0.038225     0.037129     0.038206     0.037453     0.039602     0.035962     0.038737     0.040154     0.039035     0.040542     0.038200     0.038387     0.039033     0.041176     0.039627     0.040016     0.041650     0.041467     0.042090     0.043535     0.051218     0.050430     0.053270     0.049739     0.049758     0.049087     0.049808     0.051769     0.051545
     0.048762     0.049973     0.048976     0.049443     0.050365     0.050033     0.050504     0.048082     0.051300     0.045282     0.045122     0.040991     0.043694     0.041153     0.041309     0.039886     0.039898     0.036372     0.035746     0.037413     0.036291     0.036731     0.034486     0.036273     0.038421     0.036839     0.037651     0.036243     0.037188     0.039369     0.036905     0.038727     0.036954     0.037578     0.037671     0.039233     0.039602     0.039592     0.042107     0.043092     0.048632     0.049357     0.050534     0.050245     0.052687     0.053740     0.048718     0.051474     0.051467     0.053099
     0.050035     0.047344     0.047868     0.050237     0.048288     0.048711     0.051377     0.047813     0.048974     0.046728     0.045580     0.043351     0.039520     0.039112     0.038688     0.039980     0.037106     0.038169     0.036169     0.036355     0.036730     0.037011     0.035678     0.034415     0.036051     0.037597     0.036028     0.035932     0.036452     0.035138     0.042015     0.041079     0.036971     0.038504     0.038145     0.036887     0.037833     0.040470     0.040819     0.042102     0.046549     0.047389     0.051627     0.049690     0.049223     0.046610     0.049762     0.047678     0.048670     0.048339
     0.049077     0.047960     0.046997     0.049125     0.048661     0.048848     0.047857     0.049122     0.045432     0.044906     0.041832     0.041719     0.043171     0.041231     0.040416     0.037839     0.038443     0.036666     0.036520     0.035417     0.036730     0.037314     0.035807     0.033598     0.036097     0.036601     0.035848     0.036433     0.037372     0.036410     0.034402     0.035882     0.036867     0.035767     0.036365     0.039652     0.040131     0.040509     0.039251     0.041608     0.043478     0.047491     0.046173     0.049060     0.047394     0.046967     0.046542     0.047767     0.049149     0.046103
     0.047258     0.048946     0.047765     0.045907     0.046324     0.047730     0.044566     0.045116     0.047767     0.045691     0.041804     0.041232     0.039128     0.039548     0.036578     0.035477     0.038134     0.037709     0.035331     0.037924     0.036825     0.035871     0.035168     0.035507     0.036823     0.033201     0.034749     0.033877     0.036246     0.035529     0.036312     0.034759     0.036812     0.036095     0.035934     0.037963     0.038331     0.041210     0.040689     0.039624     0.042408     0.046983     0.046280     0.048324     0.048743     0.049413     0.048183     0.048506     0.048508     0.048702
     0.046866     0.045949     0.046438     0.044977     0.044782     0.043820     0.043803     0.044657     0.042554     0.040555     0.041378     0.040479     0.041373     0.038038     0.037619     0.037106     0.034633     0.034535     0.034898     0.034738     0.034408     0.036031     0.035546     0.034111     0.033578     0.034567     0.034417     0.033846     0.035160     0.036226     0.035449     0.036824     0.036913     0.037511     0.035246     0.036608     0.040861     0.039115     0.040637     0.040306     0.043275     0.044710     0.048069     0.045160     0.046136     0.046007     0.045984     0.047257     0.047131     0.046777
     0.046833     0.044892     0.046510     0.045047     0.045123     0.043127     0.043937     0.044937     0.043655     0.041960     0.040161     0.038853     0.040260     0.038075     0.037301     0.035845     0.035528     0.033537     0.035048     0.034295     0.035770     0.032833     0.032814     0.033771     0.032051     0.034878     0.034470     0.032123     0.031418     0.033772     0.034183     0.033186     0.034662     0.037491     0.035917     0.035918     0.036057     0.039358     0.037247     0.040974     0.045467     0.043051     0.045777     0.046615     0.047293     0.047180     0.044506     0.046621     0.046322     0.045067
     0.046142     0.046592     0.049023     0.044756     0.044144     0.043539     0.044270     0.043734     0.042318     0.040680     0.039004     0.037534     0.038597     0.035800     0.036165     0.033835     0.034520     0.033616     0.033228     0.033575     0.032647     0.033556     0.033567     0.031785     0.032423     0.034728     0.034958     0.034080     0.032337     0.033416     0.035435     0.034128     0.033695     0.031922     0.033539     0.034377     0.035615     0.038400     0.037975     0.037304     0.040490     0.043304     0.043805     0.043974     0.045676     0.045969     0.046291     0.045392     0.045283     0.045606
     0.045159     0.045951     0.046310     0.043690     0.044632     0.042578     0.042672     0.041841     0.041792     0.040023     0.037757     0.036229     0.036219     0.036031     0.034727     0.034616     0.031517     0.032136     0.032960     0.033878     0.034648     0.033342     0.032146     0.032363     0.032040     0.032786     0.031796     0.031334     0.032553     0.033177     0.034577     0.033252     0.034228     0.033360     0.033566     0.034730     0.036134     0.034382     0.036774     0.037889     0.042739     0.040546     0.042658     0.042922     0.044584     0.042849     0.044665     0.045186     0.045957     0.045038
     0.040597     0.039437     0.040372     0.039446     0.040283     0.040829     0.040850     0.041951     0.039812     0.039130     0.038201     0.037394     0.035991     0.036449     0.036813     0.035477     0.035028     0.035825     0.036657     0.035906     0.036749     0.036875     0.036169     0.036337     0.035774     0.035240     0.036494     0.036224     0.035148     0.036047     0.035899     0.035359     0.035506     0.035414     0.036325     0.036505     0.038211     0.037798     0.037144     0.038228     0.040428     0.041441     0.042298     0.041086     0.040976     0.040359     0.040717     0.040297     0.040731     0.040016
     0.035704     0.036312     0.036975     0.037270     0.037665     0.038266     0.038155     0.038560     0.037227     0.037122     0.036639     0.035054     0.034824     0.034998     0.034722     0.034592     0.034967     0.035007     0.035173     0.034896     0.035949     0.036376     0.036100     0.037036     0.035054     0.037005     0.036036     0.035881     0.035813     0.035070     0.035281     0.034052     0.035691     0.034329     0.035486     0.035430     0.036048     0.036342     0.035829     0.037554     0.036772     0.038739     0.039015     0.037576     0.037280     0.037090     0.036722     0.036749     0.036281     0.036626
     0.034871     0.034924     0.034934     0.035188     0.035965     0.035801     0.036151     0.037830     0.037941     0.036180     0.035323     0.034877     0.033310     0.034457     0.034305     0.034785     0.035353     0.034236     0.034931     0.033900     0.035347     0.035697     0.035524     0.036228     0.037187     0.037077     0.035368     0.035968     0.034959     0.036189     0.035457     0.034026     0.034616     0.034950     0.034229     0.034692     0.034741     0.034791     0.035303     0.034737     0.036633     0.037059     0.036283     0.035591     0.034895     0.034895     0.034047     0.034377     0.033930     0.034417
     0.035013     0.035333     0.035128     0.035051     0.035294     0.036182     0.036025     0.037962     0.037369     0.036380     0.035900     0.035251     0.033482     0.034412     0.034043     0.034577     0.034516     0.034860     0.035446     0.035386     0.035004     0.035982     0.034794     0.035641     0.035911     0.035678     0.036545     0.035984     0.035726     0.035441     0.035910     0.034602     0.034573     0.035623     0.035289     0.035007     0.035456     0.035257     0.035653     0.035731     0.036765     0.038270     0.036978     0.036207     0.034966     0.035661     0.035721     0.034900     0.035131     0.034885
     0.036097     0.035782     0.036217     0.036347     0.037462     0.037365     0.038454     0.039570     0.038466     0.037477     0.036499     0.036263     0.035334     0.035466     0.035028     0.034709     0.035703     0.035980     0.036916     0.034671     0.035083     0.035359     0.034872     0.035966     0.035336     0.033961     0.034886     0.035527     0.036058     0.035836     0.036289     0.035224     0.034742     0.035375     0.034593     0.034409     0.035406     0.035189     0.035282     0.036124     0.037259     0.038625     0.037734     0.038099     0.038168     0.037080     0.038035     0.037968     0.037245     0.037027
     0.040466     0.040782     0.041496     0.041943     0.040742     0.040054     0.040179     0.041959     0.042216     0.039708     0.039112     0.038094     0.037094     0.038352     0.037918     0.036276     0.037052     0.035555     0.035633     0.035186     0.035703     0.036094     0.036203     0.035610     0.035912     0.037100     0.035357     0.036898     0.035955     0.036610     0.036077     0.036568     0.036896     0.035680     0.035839     0.036639     0.036846     0.037799     0.037735     0.039568     0.040084     0.040634     0.042263     0.041046     0.041249     0.040888     0.041801     0.042934     0.042048     0.041179
     0.044368     0.042319     0.042544     0.042198     0.043270     0.041819     0.043383     0.044216     0.043261     0.040169     0.037374     0.037541     0.035064     0.034811     0.033563     0.033121     0.032340     0.032670     0.033339     0.032463     0.032803     0.033154     0.032926     0.034094     0.032389     0.030644     0.034541     0.033202     0.033118     0.033272     0.033515     0.032633     0.033794     0.032522     0.033263     0.033879     0.035354     0.033352     0.034708     0.037115     0.039612     0.041701     0.044279     0.042635     0.044405     0.044615     0.043283     0.044158     0.044481     0.046464
     0.043263     0.044484     0.046078     0.045241     0.043055     0.044194     0.045640     0.043618     0.041562     0.044538     0.039676     0.038012     0.036219     0.034537     0.036361     0.035628     0.033062     0.034892     0.035600     0.034115     0.033981     0.035405     0.034403     0.033346     0.033144     0.031939     0.033947     0.034366     0.033206     0.034332     0.033918     0.033347     0.033951     0.036448     0.034167     0.034239     0.034826     0.036311     0.036456     0.038919     0.040683     0.041094     0.042486     0.045020     0.044783     0.044792     0.043956     0.044898     0.045739     0.045862
     0.045523     0.044348     0.047220     0.043180     0.046171     0.044944     0.046957     0.044818     0.041813     0.041200     0.040305     0.039777     0.035684     0.036650     0.033671     0.033379     0.034064     0.034246     0.036055     0.034806     0.035984     0.034524     0.033387     0.033674     0.033660     0.034872     0.034716     0.034342     0.032065     0.035577     0.034426     0.035015     0.035042     0.035097     0.035303     0.037882     0.037402     0.037875     0.038611     0.040451     0.042376     0.043669     0.044069     0.044335     0.045941     0.044061     0.047709     0.047338     0.045093     0.046083
     0.047634     0.045649     0.046819     0.047239     0.043310     0.044341     0.046951     0.046613     0.044197     0.043021     0.038580     0.037440     0.038539     0.037131     0.036311     0.035022     0.038046     0.035061     0.037894     0.037653     0.036250     0.035162     0.034947     0.036388     0.033145     0.034853     0.035706     0.033973     0.034214     0.035390     0.033880     0.033999     0.036291     0.035143     0.038589     0.036231     0.038519     0.039772     0.039562     0.042570     0.041842     0.045700     0.045519     0.045316     0.046746     0.046679     0.045830     0.045756     0.047610     0.048834
     0.047098     0.048986     0.045954     0.047902     0.045379     0.046157     0.047624     0.047042     0.048491     0.043139     0.042761     0.041411     0.040696     0.040549     0.036606     0.036503     0.038116     0.035676     0.036786     0.034771     0.033622     0.034507     0.036673     0.033856     0.035015     0.035553     0.037480     0.034880     0.038956     0.036287     0.036453     0.036386     0.036060     0.037288     0.036680     0.037449     0.040838     0.040850     0.044907     0.040807     0.045846     0.047642     0.046774     0.047656     0.047263     0.046130     0.046797     0.046980     0.047114     0.048440
     0.048702     0.047361     0.044643     0.046223     0.048740     0.047794     0.047064     0.047856     0.045042     0.043979     0.043657     0.042382     0.041715     0.040545     0.037279     0.037322     0.036631     0.036440     0.039295     0.035131     0.036996     0.036806     0.034511     0.036766     0.038042     0.036926     0.038047     0.036715     0.035983     0.036094     0.034653     0.036095     0.037022     0.039929     0.036988     0.040250     0.039150     0.041626     0.043468     0.040524     0.043135     0.049785     0.047282     0.049393     0.047101     0.046116     0.047235     0.050306     0.047742     0.051851
     0.050456     0.046641     0.047180     0.048028     0.048412     0.048694     0.049605     0.048624     0.046992     0.045616     0.045189     0.041081     0.041227     0.038660     0.039542     0.037120     0.036162     0.038353     0.036541     0.036584     0.040518     0.036625     0.035760     0.039753     0.037611     0.036052     0.036608     0.036292     0.036343     0.037257     0.036834     0.040353     0.038347     0.037867     0.038453     0.039418     0.037653     0.040617     0.040435     0.045738     0.044644     0.046823     0.047412     0.046668     0.048279     0.048633     0.044754     0.048446     0.048546     0.049384
     0.049951     0.051417     0.049956     0.051271     0.049879     0.048168     0.047258     0.050425     0.047353     0.044528     0.044121     0.044918     0.041268     0.041710     0.038563     0.038729     0.039781     0.039042     0.038797     0.039457     0.039502     0.038620     0.039263     0.037471     0.037280     0.037090     0.035577     0.037889     0.036775     0.036079     0.038370     0.039832     0.037085     0.036629     0.039244     0.037878     0.039782     0.040663     0.042080     0.046396     0.045732     0.045422     0.048923     0.049468     0.047408     0.047931     0.048239     0.048499     0.048543     0.051050
     0.050277     0.052134     0.053412     0.049012     0.048715     0.048366     0.049790     0.051502     0.050701     0.048663     0.044845     0.045806     0.043311     0.040353     0.041254     0.038802     0.041088     0.040368     0.038238     0.038919     0.037345     0.037360     0.036518     0.038087     0.036009     0.040564     0.038951     0.037753     0.036818     0.038831     0.038784     0.039542     0.040056     0.038734     0.040086     0.041082     0.039338     0.043305     0.043732     0.046042     0.046451     0.050518     0.050589     0.051204     0.048138     0.051728     0.052355     0.048846     0.050757     0.051468
     0.055786     0.051226     0.051671     0.049511     0.050999     0.049107     0.050207     0.049812     0.050120     0.048307     0.047464     0.044854     0.042383     0.042677     0.040281     0.040440     0.044056     0.038893     0.040196     0.037413     0.039399     0.039094     0.037546     0.035688     0.038077     0.038785     0.037816     0.038613     0.039244     0.039499     0.038276     0.038901     0.038475     0.039377     0.040775     0.043872     0.039484     0.045307     0.044255     0.045794     0.048230     0.047601     0.049585     0.050703     0.055333     0.048872     0.052197     0.051150     0.052825     0.048521
     0.053263     0.053096     0.051158     0.049989     0.054427     0.049751     0.053582     0.052557     0.051730     0.049696     0.051656     0.045946     0.044436     0.043399     0.040736     0.042719     0.040914     0.039804     0.040784     0.041286     0.041154     0.038698     0.039378     0.039952     0.041081     0.039853     0.037425     0.039747     0.040115     0.040029     0.039453     0.039895     0.042504     0.041677     0.042597     0.043470     0.044192     0.044498     0.046389     0.049043     0.048672     0.050791     0.054447     0.053606     0.053417     0.052945     0.052946     0.052058     0.049344     0.052360
     0.052917     0.054731     0.052994     0.051793     0.054378     0.053678     0.052543     0.053160     0.051135     0.051073     0.049016     0.047018     0.046023     0.045824     0.042601     0.042843     0.041905     0.043332     0.041529     0.037833     0.039470     0.038607     0.038968     0.040908     0.040268     0.041057     0.039555     0.040482     0.040598     0.039042     0.039822     0.040149     0.042065     0.041792     0.041531     0.044487     0.043456     0.046845     0.046280     0.048224     0.049158     0.051803     0.052094     0.052598     0.051692     0.052333     0.052380     0.053655     0.055209     0.054370
     0.056153     0.054575     0.051868     0.052417     0.053207     0.054281     0.052276     0.054992     0.053941     0.052757     0.048883     0.049854     0.048197     0.045111     0.044700     0.044361     0.043232     0.041864     0.040497     0.041637     0.042623     0.042661     0.041864     0.039737     0.040942     0.039465     0.039871     0.040163     0.040048     0.041388     0.041420     0.041515     0.043309     0.044731     0.042509     0.043670     0.044542     0.049805     0.050095     0.048920     0.051704     0.057927     0.053755     0.053371     0.054386     0.052647     0.055319     0.054774     0.053931     0.051843
     0.056360     0.057480     0.054369     0.058943     0.056347     0.054405     0.052267     0.057238     0.057773     0.053739     0.054684     0.046571     0.047775     0.045714     0.045053     0.044218     0.044198     0.044316     0.044285     0.043920     0.043612     0.041764     0.040947     0.040022     0.042905     0.041674     0.040980     0.042837     0.040766     0.043318     0.044274     0.041693     0.043682     0.044960     0.045809     0.046684     0.047929     0.047824     0.050293     0.052380     0.055351     0.062302     0.054049     0.056053     0.053883     0.056177     0.054484     0.054522     0.052028     0.056024
     0.061373     0.057473     0.055364     0.058598     0.053144     0.055829     0.056608     0.055767     0.055397     0.049931     0.052046     0.052633     0.047466     0.046143     0.044655     0.043510     0.044686     0.042833     0.042720     0.044899     0.042917     0.042408     0.042845     0.042287     0.042942     0.043095     0.043474     0.043526     0.043867     0.043978     0.043479     0.045209     0.044885     0.043140     0.045407     0.044159     0.046330     0.047557     0.052242     0.054815     0.050784     0.056501     0.056076     0.053130     0.057133     0.055304     0.059090     0.057946     0.060653     0.057674
     0.054931     0.058183     0.058571     0.058751     0.057866     0.057374     0.054198     0.056581     0.057898     0.055198     0.054457     0.050599     0.051373     0.047171     0.046496     0.045792     0.046021     0.045101     0.044470     0.043414     0.042688     0.042916     0.042145     0.042333     0.044019     0.044421     0.045968     0.044771     0.046707     0.046948     0.043918     0.043972     0.044789     0.045410     0.045757     0.047201     0.047247     0.051070     0.053555     0.051233     0.053571     0.057086     0.055611     0.054178     0.057317     0.060296     0.056893     0.062544     0.060482     0.062081
     0.058485     0.062809     0.054717     0.056988     0.058507     0.060646     0.060916     0.056934     0.057284     0.053895     0.054058     0.051375     0.051297     0.047643     0.050072     0.049021     0.047680     0.045706     0.043759     0.044373     0.045522     0.045092     0.045860     0.045342     0.046199     0.044672     0.046002     0.045272     0.045771     0.044126     0.044152     0.045203     0.047688     0.045039     0.049642     0.050807     0.051360     0.050532     0.051952     0.053281     0.055872     0.058528     0.060249     0.058686     0.056642     0.054422     0.055060     0.059682     0.062721     0.061785
     0.058096     0.059895     0.061013     0.060725     0.058377     0.060933     0.059237     0.062153     0.058352     0.062411     0.056842     0.053888     0.053313     0.051348     0.052529     0.049672     0.050788     0.049090     0.046308     0.047451     0.047004     0.047496     0.048296     0.046243     0.047072     0.046452     0.046352     0.047103     0.047619     0.046372     0.045976     0.045737     0.048061     0.048800     0.050284     0.050368     0.050921     0.052068     0.053772     0.053771     0.056337     0.058670     0.064798     0.063651     0.059406     0.058497     0.056626     0.058883     0.061822     0.061852
     0.066246     0.058099     0.058799     0.063786     0.062353     0.062680     0.062668     0.063789     0.062087     0.064556     0.057175     0.056376     0.053438     0.053249     0.054358     0.053259     0.051991     0.052315     0.049044     0.048803     0.048187     0.049858     0.045683     0.046084     0.045603     0.048636     0.046265     0.047945     0.045498     0.048629     0.047376     0.048944     0.048747     0.051736     0.055708     0.053679     0.055894     0.052258     0.057047     0.055460     0.061336     0.061659     0.061662     0.062982     0.060367     0.058371     0.057231     0.059728     0.057790     0.059906
     0.059529     0.060964     0.061314     0.065264     0.065961     0.066232     0.068234     0.065329     0.066666     0.066743     0.061748     0.061051     0.055195     0.055513     0.053846     0.054235     0.054006     0.051205     0.048840     0.049946     0.052132     0.050123     0.049625     0.049764     0.050870     0.049527     0.049691     0.049532     0.048483     0.049772     0.052711     0.051947     0.051924     0.053047     0.052029     0.058270     0.055699     0.055810     0.056132     0.058959     0.064774     0.066646     0.066839     0.060665     0.061662     0.059951     0.060881     0.065134     0.063511     0.063470
     0.066075     0.066980     0.068347     0.068142     0.067164     0.068728     0.065900     0.069061     0.063646     0.063291     0.061881     0.060837     0.056867     0.057118     0.057739     0.056530     0.055214     0.054757     0.052951     0.053624     0.054271     0.052154     0.053145     0.054653     0.056835     0.055649     0.052567     0.053348     0.051145     0.054293     0.055456     0.052946     0.057290     0.058014     0.057405     0.058394     0.059251     0.059631     0.062757     0.063248     0.066951     0.069365     0.071670     0.064950     0.067136     0.062102     0.061250     0.061842     0.063075     0.061617
     0.061407     0.062990     0.068822     0.071021     0.068279     0.067505     0.072101     0.067356     0.063779     0.068175     0.069865     0.064667     0.062016     0.060930     0.065182     0.063028     0.057926     0.059023     0.058975     0.057419     0.060418     0.063463     0.059347     0.060209     0.059394     0.059458     0.058246     0.062329     0.059919     0.060616     0.059347     0.057667     0.059833     0.059864     0.061110     0.059149     0.060024     0.061144     0.068852     0.074022     0.066544     0.072207     0.073979     0.067535     0.067611     0.063128     0.065253     0.065124     0.063287     0.064374
