MCNP(X) Input File                                            07/26/19 11:21:05 
 1  mcnp      6                          05/08/13  10000000
     0
    10     1    51     2    51     1  2500     1  2500     1     0     0     0     0     0     0     0     0     0
  0.00000     0.100000E+37
     0
     0
 -3.00000     -2.88000     -2.76000     -2.64000     -2.52000     -2.40000     -2.28000     -2.16000     -2.04000     -1.92000     -1.80000     -1.68000     -1.56000     -1.44000     -1.32000     -1.20000     -1.08000     -.960000     -.840000     -.720000     -.600000     -.480000     -.360000     -.240000     -.120000     0.166533E-14 0.120000     0.240000     0.360000     0.480000     0.600000     0.720000     0.840000     0.960000      1.08000      1.20000      1.32000      1.44000      1.56000      1.68000      1.80000      1.92000      2.04000      2.16000      2.28000      2.40000      2.52000      2.64000      2.76000      2.88000      3.00000    
  20.0000      22.0000    
 -5.00000     -4.80000     -4.60000     -4.40000     -4.20000     -4.00000     -3.80000     -3.60000     -3.40000     -3.20000     -3.00000     -2.80000     -2.60000     -2.40000     -2.20000     -2.00000     -1.80000     -1.60000     -1.40000     -1.20000     -1.00000     -.800000     -.600000     -.400000     -.200000     0.216493E-14 0.200000     0.400000     0.600000     0.800000      1.00000      1.20000      1.40000      1.60000      1.80000      2.00000      2.20000      2.40000      2.60000      2.80000      3.00000      3.20000      3.40000      3.60000      3.80000      4.00000      4.20000      4.40000      4.60000      4.80000      5.00000    
 1.990502E-04 1.814542E-04 1.800970E-04 2.014382E-04 1.752000E-04 1.873941E-04 1.903693E-04 1.774657E-04 1.580117E-04 1.774089E-04 1.958115E-04 1.931975E-04 2.101641E-04 2.024000E-04 2.005876E-04 2.062484E-04 2.295561E-04 2.341397E-04 2.581465E-04 2.406220E-04 2.539884E-04 2.395105E-04 2.542531E-04 2.695805E-04 2.358016E-04 2.386730E-04 2.696507E-04 2.555552E-04 2.499788E-04 2.608786E-04 2.353670E-04 2.248505E-04 2.311169E-04 2.258800E-04 2.071271E-04 2.214425E-04 2.077364E-04 2.147161E-04 2.012584E-04 1.853515E-04 1.707544E-04 1.579301E-04 1.729462E-04 1.927573E-04 1.841502E-04 1.966834E-04 1.948276E-04 1.704596E-04 1.652698E-04 1.595698E-04
 1.741986E-04 1.976902E-04 1.875433E-04 1.969702E-04 2.231387E-04 1.861222E-04 1.925846E-04 1.890414E-04 2.036699E-04 1.941468E-04 2.243373E-04 2.198847E-04 2.439687E-04 2.484649E-04 2.520024E-04 2.454252E-04 2.475732E-04 2.717163E-04 2.763624E-04 2.927787E-04 2.960561E-04 2.856104E-04 3.056343E-04 2.988101E-04 2.951884E-04 3.175736E-04 3.012955E-04 2.883893E-04 3.030514E-04 2.859446E-04 2.631108E-04 2.588483E-04 2.677394E-04 2.531664E-04 2.531936E-04 2.718688E-04 2.351482E-04 2.416320E-04 2.240745E-04 2.227755E-04 2.034200E-04 1.786480E-04 1.984846E-04 1.921180E-04 1.879004E-04 1.923714E-04 2.003437E-04 2.072538E-04 1.834220E-04 1.743615E-04
 1.934964E-04 1.874889E-04 2.068631E-04 2.116878E-04 2.131083E-04 2.205036E-04 2.061053E-04 2.098117E-04 2.142910E-04 2.257781E-04 2.447476E-04 2.543888E-04 2.670672E-04 3.003680E-04 2.977985E-04 2.912425E-04 2.824419E-04 3.025673E-04 3.027557E-04 3.222808E-04 3.284509E-04 3.505019E-04 3.285942E-04 3.271448E-04 3.353522E-04 3.280211E-04 3.337843E-04 3.147373E-04 3.452607E-04 3.395250E-04 3.060540E-04 2.932255E-04 2.821993E-04 2.815116E-04 2.951308E-04 2.763990E-04 2.713748E-04 2.446074E-04 2.359806E-04 2.383912E-04 2.349667E-04 2.133076E-04 2.043365E-04 2.183098E-04 2.100852E-04 2.106120E-04 2.091364E-04 2.121216E-04 1.962193E-04 1.887107E-04
 2.051031E-04 2.021002E-04 2.076145E-04 2.192107E-04 2.315924E-04 2.451560E-04 2.252151E-04 2.354170E-04 2.428496E-04 2.587218E-04 2.623342E-04 2.893925E-04 2.887776E-04 3.182207E-04 2.984569E-04 3.065979E-04 3.305379E-04 3.337823E-04 3.674015E-04 3.746804E-04 3.587160E-04 3.590644E-04 3.695643E-04 3.835677E-04 3.702646E-04 3.542505E-04 3.704911E-04 3.588689E-04 3.476443E-04 3.493485E-04 3.619633E-04 3.296512E-04 3.430567E-04 2.970316E-04 3.001532E-04 3.088276E-04 2.751234E-04 2.711018E-04 2.856425E-04 2.595767E-04 2.465196E-04 2.257750E-04 2.360536E-04 2.528942E-04 2.387914E-04 2.191595E-04 2.325983E-04 2.170074E-04 2.184638E-04 1.997507E-04
 2.343264E-04 2.415230E-04 2.541042E-04 2.261644E-04 2.595386E-04 2.616132E-04 2.444362E-04 2.273690E-04 2.396123E-04 2.770379E-04 2.714881E-04 2.934928E-04 3.271112E-04 3.259112E-04 3.432044E-04 3.508950E-04 3.415189E-04 3.500488E-04 3.652886E-04 3.913304E-04 3.734526E-04 3.743612E-04 3.995349E-04 4.108801E-04 3.770255E-04 3.897778E-04 3.682630E-04 4.049878E-04 3.969950E-04 3.662418E-04 3.611616E-04 3.835432E-04 3.632491E-04 3.618876E-04 3.162130E-04 3.496650E-04 3.104428E-04 3.038972E-04 2.821777E-04 2.810058E-04 2.565192E-04 2.648348E-04 2.670676E-04 2.566826E-04 2.450532E-04 2.295369E-04 2.407022E-04 2.426316E-04 2.287735E-04 2.411614E-04
 2.299000E-04 2.480733E-04 2.664470E-04 2.434788E-04 2.646464E-04 2.463991E-04 2.641446E-04 2.765165E-04 2.546826E-04 2.674311E-04 2.761559E-04 2.984344E-04 3.527420E-04 3.608034E-04 3.723172E-04 3.818813E-04 3.644863E-04 3.757517E-04 4.003177E-04 4.164233E-04 4.146527E-04 4.075036E-04 4.270178E-04 4.439001E-04 4.142150E-04 4.057523E-04 4.333421E-04 4.262191E-04 3.791931E-04 3.858941E-04 4.037032E-04 3.852209E-04 4.004782E-04 3.936875E-04 3.581444E-04 3.541659E-04 3.513490E-04 3.240439E-04 3.127151E-04 2.841434E-04 2.705553E-04 2.646188E-04 2.849097E-04 2.547555E-04 2.423250E-04 2.714043E-04 2.571881E-04 2.434448E-04 2.557421E-04 2.331234E-04
 2.375713E-04 2.489684E-04 2.480828E-04 2.595637E-04 2.652705E-04 2.713618E-04 2.804229E-04 2.803794E-04 2.872365E-04 2.909012E-04 3.182585E-04 3.129154E-04 3.585565E-04 3.682943E-04 3.764461E-04 3.968631E-04 4.320557E-04 4.239047E-04 4.338948E-04 4.530967E-04 4.617710E-04 4.146410E-04 4.312403E-04 4.321031E-04 4.546968E-04 4.685576E-04 4.519981E-04 4.350557E-04 4.126509E-04 4.104915E-04 4.505071E-04 4.189214E-04 4.027256E-04 4.051558E-04 3.958939E-04 3.671414E-04 3.554121E-04 3.214908E-04 3.178647E-04 3.044997E-04 2.901604E-04 2.917295E-04 3.152780E-04 2.534534E-04 2.771438E-04 2.787230E-04 2.644325E-04 2.547568E-04 2.537362E-04 2.432455E-04
 2.594581E-04 2.570674E-04 2.646641E-04 2.777626E-04 2.860852E-04 2.847121E-04 3.016409E-04 3.050085E-04 3.011267E-04 3.293933E-04 3.448492E-04 3.634841E-04 4.008733E-04 3.937915E-04 4.134382E-04 4.117706E-04 4.339381E-04 4.586124E-04 4.570226E-04 4.635973E-04 4.859096E-04 4.467049E-04 4.640502E-04 4.657183E-04 4.764085E-04 4.917695E-04 4.451332E-04 4.659785E-04 4.712785E-04 4.709579E-04 4.945204E-04 4.337149E-04 4.562549E-04 4.413487E-04 4.357890E-04 4.218030E-04 3.667990E-04 3.739541E-04 3.746055E-04 3.379019E-04 3.051321E-04 2.940522E-04 3.146167E-04 2.853357E-04 3.095197E-04 2.961733E-04 2.830566E-04 2.726558E-04 2.642709E-04 2.674716E-04
 2.726658E-04 2.839486E-04 2.880765E-04 3.007018E-04 3.446665E-04 3.323897E-04 3.323438E-04 2.971473E-04 2.965816E-04 3.165843E-04 3.721801E-04 3.950573E-04 4.278005E-04 4.247296E-04 4.201734E-04 4.423646E-04 4.536858E-04 4.691312E-04 5.070209E-04 4.737667E-04 4.754218E-04 4.850287E-04 4.821071E-04 5.232287E-04 5.322792E-04 5.221599E-04 4.945858E-04 5.232836E-04 5.176481E-04 5.163168E-04 5.086764E-04 4.936901E-04 4.944991E-04 4.652161E-04 4.819904E-04 4.333344E-04 4.165679E-04 4.068601E-04 3.982709E-04 3.453313E-04 3.360328E-04 3.295898E-04 3.290392E-04 3.233622E-04 3.414312E-04 2.979973E-04 2.896869E-04 2.896681E-04 2.582961E-04 2.693605E-04
 2.865230E-04 2.890861E-04 3.161838E-04 3.320884E-04 3.212603E-04 3.347758E-04 3.485147E-04 3.445538E-04 3.338651E-04 3.376868E-04 3.638135E-04 3.816730E-04 4.157872E-04 4.418158E-04 4.568773E-04 4.611686E-04 4.694440E-04 4.895667E-04 5.329174E-04 4.936932E-04 4.987905E-04 5.135949E-04 4.909710E-04 5.384633E-04 5.342037E-04 4.999792E-04 4.921820E-04 5.599684E-04 5.723144E-04 5.390085E-04 5.307409E-04 4.866552E-04 5.178924E-04 5.139874E-04 4.918464E-04 4.521964E-04 4.301070E-04 4.121456E-04 3.611755E-04 3.731255E-04 3.493694E-04 3.239491E-04 3.043210E-04 3.243495E-04 3.259065E-04 3.389400E-04 3.027986E-04 2.879558E-04 2.953907E-04 3.028858E-04
 2.869606E-04 3.024494E-04 3.207087E-04 3.346225E-04 3.535472E-04 3.434192E-04 3.404755E-04 3.417161E-04 3.598198E-04 3.818771E-04 3.909928E-04 4.233194E-04 4.129323E-04 4.476608E-04 4.553334E-04 4.591388E-04 5.023658E-04 5.060103E-04 5.202120E-04 5.180785E-04 5.449576E-04 5.468484E-04 5.244786E-04 5.549558E-04 5.392044E-04 5.472973E-04 5.351803E-04 5.254598E-04 5.500404E-04 5.586936E-04 5.717935E-04 5.455146E-04 5.268110E-04 5.326326E-04 5.204143E-04 4.674678E-04 4.904625E-04 4.461858E-04 4.283120E-04 3.900019E-04 3.563197E-04 3.285291E-04 3.212802E-04 3.313779E-04 3.546469E-04 3.234875E-04 3.372885E-04 3.312648E-04 3.335308E-04 3.226625E-04
 2.979766E-04 3.158384E-04 3.577521E-04 3.577309E-04 3.582614E-04 3.777590E-04 3.680090E-04 3.637508E-04 3.602003E-04 4.123430E-04 4.240839E-04 4.624212E-04 4.586763E-04 4.683731E-04 4.964929E-04 5.121043E-04 5.325717E-04 5.564068E-04 5.632477E-04 5.502276E-04 5.518708E-04 5.447971E-04 5.719092E-04 5.802390E-04 5.659465E-04 5.797592E-04 5.966118E-04 5.977706E-04 5.890620E-04 6.198516E-04 6.041157E-04 5.726578E-04 5.518766E-04 5.218268E-04 5.061116E-04 5.130536E-04 5.067214E-04 4.653870E-04 4.345392E-04 3.877119E-04 3.752995E-04 3.627064E-04 3.411022E-04 3.454973E-04 3.544894E-04 3.797854E-04 3.815995E-04 3.584381E-04 3.394428E-04 3.386882E-04
 3.256022E-04 3.365384E-04 3.782487E-04 3.822353E-04 3.807153E-04 3.750781E-04 3.878132E-04 3.938126E-04 3.756836E-04 4.248148E-04 4.440271E-04 4.772167E-04 4.810294E-04 5.156937E-04 5.870576E-04 5.771582E-04 5.851087E-04 5.927883E-04 5.955448E-04 6.238378E-04 6.013984E-04 5.845763E-04 6.364984E-04 5.815080E-04 6.091832E-04 6.427487E-04 6.476180E-04 6.452577E-04 6.707724E-04 6.669835E-04 6.116220E-04 6.160220E-04 5.877800E-04 5.460397E-04 5.350977E-04 5.230284E-04 5.092813E-04 5.104256E-04 4.825409E-04 4.411737E-04 4.298577E-04 3.554013E-04 3.351530E-04 3.497517E-04 3.911353E-04 3.734551E-04 3.716067E-04 3.663294E-04 3.521832E-04 3.298585E-04
 3.560792E-04 3.703908E-04 3.751258E-04 3.776262E-04 4.138814E-04 4.075785E-04 3.885094E-04 3.869096E-04 3.954915E-04 4.611597E-04 4.920064E-04 5.409126E-04 5.437791E-04 5.363009E-04 5.491170E-04 6.005989E-04 6.154367E-04 6.243246E-04 6.207736E-04 6.451620E-04 6.352726E-04 6.228324E-04 6.273203E-04 6.383528E-04 6.298172E-04 6.626611E-04 6.482431E-04 6.524089E-04 6.768202E-04 6.435668E-04 6.288098E-04 6.416127E-04 6.014023E-04 6.054948E-04 5.856154E-04 5.707028E-04 5.286102E-04 5.456166E-04 4.853328E-04 4.506562E-04 4.174027E-04 3.956569E-04 3.891298E-04 4.027221E-04 3.937365E-04 3.892381E-04 3.776051E-04 3.534406E-04 3.626519E-04 3.605826E-04
 3.799729E-04 3.928968E-04 4.128865E-04 4.225827E-04 4.098486E-04 4.433115E-04 4.287244E-04 4.152380E-04 4.211734E-04 4.623890E-04 5.142107E-04 5.274639E-04 5.703805E-04 6.069141E-04 6.329841E-04 6.291598E-04 6.539203E-04 6.794007E-04 6.847861E-04 6.832436E-04 6.657513E-04 6.906450E-04 6.978129E-04 7.126965E-04 6.944489E-04 7.033532E-04 7.248289E-04 7.023537E-04 6.928262E-04 6.934692E-04 6.636433E-04 6.865165E-04 6.609051E-04 6.157721E-04 5.993183E-04 5.895104E-04 5.767799E-04 5.524368E-04 5.223247E-04 5.042609E-04 4.348855E-04 4.213307E-04 4.337778E-04 4.759813E-04 4.625260E-04 4.220489E-04 4.143279E-04 4.242417E-04 4.021890E-04 3.627724E-04
 3.858013E-04 4.214131E-04 4.252360E-04 4.504001E-04 4.849017E-04 4.749815E-04 5.076278E-04 4.719320E-04 4.710699E-04 4.882529E-04 5.061681E-04 5.812520E-04 5.571171E-04 5.986098E-04 6.592757E-04 6.770479E-04 6.681754E-04 6.783086E-04 7.093945E-04 7.300094E-04 7.232933E-04 7.797335E-04 7.678697E-04 7.558303E-04 7.681145E-04 7.731540E-04 7.389356E-04 7.373002E-04 7.286265E-04 7.126651E-04 7.495561E-04 7.200938E-04 6.855198E-04 7.007566E-04 6.690592E-04 6.383740E-04 6.035853E-04 5.820046E-04 5.411014E-04 5.311342E-04 5.160949E-04 4.938795E-04 4.866848E-04 4.673850E-04 4.447716E-04 4.493101E-04 4.168613E-04 4.179250E-04 4.103708E-04 3.770835E-04
 4.195843E-04 4.408758E-04 4.425995E-04 4.808100E-04 4.828907E-04 4.678141E-04 4.904934E-04 5.106803E-04 5.375794E-04 5.520126E-04 5.836201E-04 6.347576E-04 6.707294E-04 6.678949E-04 7.167290E-04 7.017593E-04 7.143727E-04 7.756079E-04 7.567782E-04 7.913365E-04 8.157349E-04 8.431070E-04 7.905382E-04 8.390337E-04 8.469317E-04 8.410376E-04 8.156425E-04 8.429264E-04 8.017976E-04 7.883200E-04 7.944316E-04 8.001625E-04 7.793602E-04 7.246404E-04 7.124247E-04 7.055789E-04 6.889508E-04 6.082280E-04 6.159297E-04 6.040323E-04 5.629396E-04 5.262559E-04 5.030632E-04 5.113431E-04 5.273565E-04 4.956153E-04 4.606714E-04 4.627496E-04 4.359882E-04 4.302355E-04
 4.432056E-04 4.734592E-04 4.783650E-04 5.022161E-04 5.156945E-04 5.303464E-04 5.486355E-04 5.288247E-04 5.487858E-04 5.875690E-04 6.482073E-04 6.761053E-04 6.865384E-04 7.354024E-04 7.616410E-04 7.930260E-04 8.217569E-04 8.390265E-04 8.748049E-04 8.644131E-04 8.573040E-04 8.335096E-04 8.739929E-04 9.160974E-04 9.188918E-04 8.821734E-04 8.756082E-04 8.746003E-04 8.593806E-04 8.634161E-04 8.712681E-04 8.639064E-04 8.694289E-04 8.041427E-04 7.608977E-04 7.608933E-04 7.549254E-04 7.019211E-04 6.638035E-04 6.514956E-04 5.964242E-04 5.519732E-04 5.726828E-04 5.926880E-04 5.563578E-04 5.303516E-04 5.183546E-04 4.814274E-04 4.721567E-04 4.995487E-04
 5.013362E-04 5.401639E-04 5.607263E-04 5.572865E-04 5.778981E-04 5.964072E-04 6.366130E-04 6.014842E-04 6.324579E-04 6.651764E-04 7.099439E-04 7.710570E-04 7.661842E-04 7.859596E-04 8.756326E-04 9.082918E-04 8.917803E-04 8.990850E-04 9.289603E-04 9.377363E-04 9.778451E-04 9.760038E-04 9.645382E-04 9.587373E-04 9.308106E-04 1.013706E-03 9.546633E-04 9.707482E-04 9.558484E-04 9.678958E-04 9.588584E-04 9.206912E-04 9.231093E-04 8.810387E-04 8.702105E-04 8.625222E-04 7.980633E-04 7.607631E-04 7.342405E-04 7.054821E-04 6.655317E-04 6.057929E-04 6.405064E-04 6.308460E-04 6.126574E-04 5.932371E-04 5.655157E-04 5.814886E-04 5.616181E-04 5.185726E-04
 5.823800E-04 5.912871E-04 6.287971E-04 6.536755E-04 6.724982E-04 6.867779E-04 7.015471E-04 7.071669E-04 6.938449E-04 7.620048E-04 8.147313E-04 8.428852E-04 8.787658E-04 9.190087E-04 9.529166E-04 9.805380E-04 1.024564E-03 9.726901E-04 9.922894E-04 1.046249E-03 1.099417E-03 1.068067E-03 1.038041E-03 1.021601E-03 1.060208E-03 1.134833E-03 1.088489E-03 1.102410E-03 1.032001E-03 1.040692E-03 1.042564E-03 1.025427E-03 1.013468E-03 1.032804E-03 1.014731E-03 9.258824E-04 9.084626E-04 9.058633E-04 8.445766E-04 8.231140E-04 7.697889E-04 7.260306E-04 7.018260E-04 6.879995E-04 6.759556E-04 6.821331E-04 6.577238E-04 6.008456E-04 6.045420E-04 5.671021E-04
 7.545904E-04 7.507618E-04 7.804963E-04 7.713321E-04 8.335964E-04 8.704882E-04 9.200406E-04 8.874279E-04 8.593831E-04 9.185687E-04 9.413506E-04 9.558332E-04 1.043474E-03 1.124122E-03 1.155345E-03 1.153571E-03 1.188533E-03 1.141348E-03 1.212500E-03 1.235163E-03 1.207097E-03 1.268355E-03 1.200715E-03 1.176878E-03 1.266166E-03 1.251310E-03 1.280211E-03 1.258267E-03 1.212907E-03 1.234874E-03 1.252705E-03 1.198214E-03 1.146457E-03 1.163956E-03 1.150229E-03 1.101401E-03 1.059146E-03 1.034946E-03 1.040253E-03 9.582816E-04 8.985919E-04 8.386583E-04 8.769014E-04 8.849365E-04 7.991599E-04 8.110085E-04 7.815879E-04 7.587065E-04 7.328064E-04 7.306739E-04
 1.123324E-03 1.129276E-03 1.118745E-03 1.124511E-03 1.166888E-03 1.163126E-03 1.197523E-03 1.270776E-03 1.174849E-03 1.195338E-03 1.234344E-03 1.241785E-03 1.349262E-03 1.423361E-03 1.436951E-03 1.532319E-03 1.533298E-03 1.529160E-03 1.623125E-03 1.585186E-03 1.566563E-03 1.590526E-03 1.554839E-03 1.531408E-03 1.555970E-03 1.574167E-03 1.554001E-03 1.624232E-03 1.542958E-03 1.516334E-03 1.589521E-03 1.528132E-03 1.576842E-03 1.491749E-03 1.521826E-03 1.408318E-03 1.422747E-03 1.426968E-03 1.292540E-03 1.313196E-03 1.208135E-03 1.064132E-03 1.217095E-03 1.293833E-03 1.263818E-03 1.214669E-03 1.183627E-03 1.140325E-03 1.129545E-03 1.126113E-03
 1.807047E-03 1.931024E-03 1.901892E-03 1.867740E-03 1.929163E-03 1.980338E-03 1.977438E-03 1.885458E-03 1.715970E-03 1.760589E-03 1.810408E-03 1.839959E-03 1.994123E-03 2.036488E-03 1.993885E-03 2.095989E-03 2.167015E-03 2.174506E-03 2.243265E-03 2.262440E-03 2.210419E-03 2.178806E-03 2.079084E-03 2.168135E-03 2.211057E-03 2.173345E-03 2.208223E-03 2.189856E-03 2.208157E-03 2.160060E-03 2.207322E-03 2.146797E-03 2.047488E-03 2.102320E-03 2.203866E-03 2.065410E-03 2.092226E-03 1.901329E-03 1.858594E-03 1.806833E-03 1.713808E-03 1.679336E-03 1.964736E-03 2.047888E-03 1.917084E-03 2.011633E-03 1.901529E-03 1.821849E-03 1.839176E-03 1.846260E-03
 1.982851E-03 1.997776E-03 2.019046E-03 2.053213E-03 2.048890E-03 2.049839E-03 2.096864E-03 2.024468E-03 1.783236E-03 1.979877E-03 1.989368E-03 2.079183E-03 2.207515E-03 2.159569E-03 2.192117E-03 2.260090E-03 2.295222E-03 2.303959E-03 2.417766E-03 2.243276E-03 2.277739E-03 2.281643E-03 2.311647E-03 2.311897E-03 2.330572E-03 2.355925E-03 2.448662E-03 2.389227E-03 2.382834E-03 2.296644E-03 2.394569E-03 2.249520E-03 2.325690E-03 2.269799E-03 2.280856E-03 2.223910E-03 2.117457E-03 2.112331E-03 1.908139E-03 1.946243E-03 1.919410E-03 1.848304E-03 2.050867E-03 2.157245E-03 2.093208E-03 2.087056E-03 2.127943E-03 2.012144E-03 1.920741E-03 1.954590E-03
 1.973198E-03 1.999801E-03 2.057443E-03 2.050155E-03 2.042941E-03 2.161465E-03 2.146882E-03 2.070739E-03 1.823205E-03 1.966957E-03 2.075588E-03 2.060771E-03 2.151748E-03 2.180021E-03 2.179901E-03 2.306995E-03 2.348573E-03 2.234699E-03 2.308127E-03 2.368608E-03 2.370314E-03 2.322583E-03 2.369962E-03 2.384172E-03 2.412923E-03 2.539352E-03 2.453145E-03 2.379701E-03 2.349896E-03 2.384110E-03 2.422585E-03 2.323845E-03 2.340310E-03 2.324452E-03 2.384081E-03 2.243516E-03 2.233663E-03 2.185297E-03 2.111058E-03 2.030123E-03 1.940976E-03 1.835990E-03 2.106646E-03 2.172135E-03 2.164921E-03 2.242881E-03 2.167753E-03 2.158642E-03 2.097249E-03 2.026544E-03
 1.948625E-03 2.052006E-03 2.088487E-03 2.127215E-03 2.139185E-03 2.101960E-03 2.140307E-03 2.124783E-03 1.813910E-03 1.958511E-03 2.029281E-03 2.111946E-03 2.109865E-03 2.143668E-03 2.199901E-03 2.276516E-03 2.240399E-03 2.307272E-03 2.202698E-03 2.339209E-03 2.454715E-03 2.325687E-03 2.431347E-03 2.416591E-03 2.339164E-03 2.471495E-03 2.458133E-03 2.481788E-03 2.352930E-03 2.381976E-03 2.324613E-03 2.277620E-03 2.296861E-03 2.234914E-03 2.133610E-03 2.221135E-03 2.256194E-03 2.131167E-03 2.001854E-03 2.047817E-03 1.900827E-03 1.850651E-03 2.102866E-03 2.250329E-03 2.198027E-03 2.150348E-03 2.106237E-03 2.093889E-03 2.069325E-03 1.997798E-03
 2.014755E-03 2.037109E-03 2.066128E-03 2.047619E-03 2.045577E-03 2.074051E-03 2.140119E-03 1.979538E-03 1.734617E-03 1.866367E-03 1.995480E-03 2.046354E-03 2.094923E-03 2.178653E-03 2.188979E-03 2.146672E-03 2.271778E-03 2.282141E-03 2.284492E-03 2.396578E-03 2.396751E-03 2.377500E-03 2.323908E-03 2.413319E-03 2.485774E-03 2.357237E-03 2.256379E-03 2.374633E-03 2.337727E-03 2.210365E-03 2.368246E-03 2.251416E-03 2.249218E-03 2.255954E-03 2.195933E-03 2.091453E-03 2.130744E-03 2.166249E-03 2.074511E-03 2.080846E-03 1.946693E-03 1.919609E-03 2.053206E-03 2.115930E-03 2.072449E-03 2.035409E-03 2.012291E-03 1.949876E-03 1.955162E-03 1.910509E-03
 1.825792E-03 1.833700E-03 1.859606E-03 1.918971E-03 1.904894E-03 1.956971E-03 2.005039E-03 1.902544E-03 1.674826E-03 1.697391E-03 1.850158E-03 1.910998E-03 1.949748E-03 1.993542E-03 1.961671E-03 2.050860E-03 2.135893E-03 2.100112E-03 2.047019E-03 2.123686E-03 2.160831E-03 2.270181E-03 2.223267E-03 2.097627E-03 2.142539E-03 2.297475E-03 2.193665E-03 2.274891E-03 2.302426E-03 2.276447E-03 2.233577E-03 2.161090E-03 2.136386E-03 2.055493E-03 2.103180E-03 2.090380E-03 2.101423E-03 2.079154E-03 1.982944E-03 1.893998E-03 1.836903E-03 1.648110E-03 1.848395E-03 2.028939E-03 1.989950E-03 1.978841E-03 1.909337E-03 1.835613E-03 1.854995E-03 1.847752E-03
 1.084508E-03 1.127446E-03 1.140541E-03 1.116726E-03 1.146926E-03 1.156419E-03 1.228856E-03 1.198116E-03 1.099559E-03 1.209138E-03 1.217666E-03 1.338577E-03 1.374467E-03 1.390541E-03 1.408809E-03 1.484696E-03 1.447892E-03 1.470039E-03 1.554438E-03 1.540864E-03 1.544853E-03 1.599986E-03 1.623010E-03 1.579046E-03 1.533811E-03 1.540839E-03 1.596028E-03 1.574220E-03 1.605904E-03 1.535762E-03 1.638024E-03 1.518075E-03 1.531848E-03 1.560733E-03 1.531550E-03 1.474372E-03 1.444944E-03 1.349407E-03 1.343922E-03 1.223519E-03 1.183714E-03 1.065122E-03 1.166426E-03 1.197858E-03 1.203805E-03 1.212343E-03 1.140812E-03 1.169741E-03 1.140372E-03 1.185181E-03
 7.130624E-04 7.375320E-04 7.522425E-04 8.022723E-04 8.103573E-04 8.198050E-04 8.441538E-04 8.469005E-04 8.711236E-04 9.246058E-04 9.616362E-04 1.025442E-03 1.084819E-03 1.065564E-03 1.182976E-03 1.159705E-03 1.162928E-03 1.138757E-03 1.225690E-03 1.195035E-03 1.182653E-03 1.233823E-03 1.262602E-03 1.255084E-03 1.265793E-03 1.233022E-03 1.206794E-03 1.164282E-03 1.202973E-03 1.246094E-03 1.219281E-03 1.230833E-03 1.199353E-03 1.153922E-03 1.181719E-03 1.174400E-03 1.077911E-03 1.014240E-03 9.998557E-04 1.004010E-03 8.789994E-04 8.358565E-04 8.238771E-04 8.443229E-04 8.248655E-04 7.787142E-04 7.351889E-04 7.306095E-04 7.614702E-04 7.406060E-04
 5.797770E-04 5.776204E-04 5.870867E-04 6.678363E-04 6.700283E-04 6.719935E-04 7.233494E-04 7.073679E-04 6.856882E-04 7.277589E-04 7.934126E-04 8.257450E-04 8.630464E-04 9.104022E-04 9.205566E-04 9.591554E-04 1.011468E-03 1.001927E-03 1.022262E-03 1.032993E-03 1.071819E-03 1.052377E-03 1.030315E-03 1.047714E-03 1.039871E-03 1.026268E-03 1.106142E-03 1.118448E-03 1.007150E-03 9.963832E-04 1.051293E-03 1.020544E-03 1.037289E-03 1.035583E-03 1.015666E-03 9.803236E-04 9.091333E-04 8.582246E-04 8.481385E-04 8.139028E-04 7.135889E-04 7.105587E-04 7.281772E-04 7.142549E-04 6.586011E-04 6.416667E-04 6.160043E-04 6.324913E-04 5.836739E-04 5.880388E-04
 5.039882E-04 5.224251E-04 5.789758E-04 6.109097E-04 5.858289E-04 5.852362E-04 5.575992E-04 6.102305E-04 5.695007E-04 6.236086E-04 6.651148E-04 7.313579E-04 7.668230E-04 8.203328E-04 8.430334E-04 8.907470E-04 8.727202E-04 8.564660E-04 9.552369E-04 9.560736E-04 9.191912E-04 9.714114E-04 1.001394E-03 9.554799E-04 9.310731E-04 9.105407E-04 9.672399E-04 9.924084E-04 9.557988E-04 8.984166E-04 9.100082E-04 9.263678E-04 9.165071E-04 8.767002E-04 8.801258E-04 8.709661E-04 8.021615E-04 8.137426E-04 7.436639E-04 6.968004E-04 6.678499E-04 6.375209E-04 6.557657E-04 6.133366E-04 5.673276E-04 5.201344E-04 5.530452E-04 5.636473E-04 5.601029E-04 5.219093E-04
 4.482517E-04 4.681824E-04 4.888266E-04 5.141864E-04 5.326485E-04 5.607299E-04 5.625291E-04 5.410431E-04 5.461107E-04 5.722890E-04 6.258253E-04 6.655002E-04 7.150064E-04 7.463678E-04 7.517875E-04 7.690074E-04 7.728107E-04 7.736041E-04 8.572986E-04 8.448130E-04 8.618180E-04 8.973713E-04 8.581859E-04 8.667186E-04 9.153815E-04 8.822158E-04 8.825434E-04 9.016120E-04 8.457132E-04 8.314729E-04 8.095460E-04 8.221580E-04 7.992292E-04 8.258050E-04 7.734925E-04 7.442415E-04 7.155600E-04 7.329230E-04 6.963958E-04 6.334201E-04 6.180148E-04 5.388869E-04 5.575500E-04 5.870782E-04 5.951896E-04 5.341322E-04 4.879900E-04 4.757227E-04 4.968942E-04 4.589489E-04
 4.252654E-04 4.538011E-04 4.789520E-04 4.949587E-04 4.949084E-04 5.109117E-04 5.132314E-04 5.017481E-04 5.110421E-04 5.332047E-04 5.849247E-04 6.422775E-04 6.358895E-04 6.916757E-04 6.727505E-04 7.011330E-04 7.108497E-04 7.802887E-04 7.692513E-04 7.738709E-04 8.086368E-04 8.228184E-04 8.081124E-04 8.037458E-04 8.498534E-04 8.443261E-04 8.075201E-04 7.822433E-04 8.007581E-04 7.947580E-04 7.872244E-04 8.043525E-04 7.452933E-04 7.197561E-04 7.099905E-04 6.858121E-04 6.777964E-04 6.603159E-04 5.898767E-04 5.936503E-04 5.218577E-04 5.126006E-04 4.859024E-04 5.041137E-04 5.105226E-04 5.156087E-04 4.888791E-04 4.740357E-04 4.258376E-04 4.328571E-04
 3.954908E-04 4.159498E-04 4.453780E-04 4.465996E-04 4.601395E-04 4.550859E-04 4.711036E-04 4.516595E-04 4.779779E-04 5.273899E-04 5.728435E-04 5.757352E-04 5.867860E-04 6.184527E-04 6.523676E-04 6.499157E-04 6.990173E-04 7.279112E-04 7.047333E-04 7.370093E-04 7.704523E-04 7.190257E-04 7.568393E-04 7.689793E-04 7.790837E-04 8.012619E-04 7.730195E-04 7.654253E-04 7.327292E-04 7.686302E-04 7.508384E-04 7.572887E-04 7.401349E-04 6.697916E-04 6.594359E-04 6.393503E-04 6.319788E-04 5.939840E-04 5.771430E-04 5.323398E-04 5.009038E-04 4.687152E-04 4.483464E-04 4.443866E-04 4.562063E-04 4.506011E-04 4.620778E-04 4.011980E-04 3.712356E-04 3.847662E-04
 3.669020E-04 3.643668E-04 3.867790E-04 3.879684E-04 3.922246E-04 4.181459E-04 4.098498E-04 4.366299E-04 4.395064E-04 5.006109E-04 5.002437E-04 5.320011E-04 5.179570E-04 5.833113E-04 5.833619E-04 6.209952E-04 6.338215E-04 6.629566E-04 6.612232E-04 6.774702E-04 6.754874E-04 7.144625E-04 7.063006E-04 6.876876E-04 6.805281E-04 7.805150E-04 7.160306E-04 7.371403E-04 7.415637E-04 7.020197E-04 6.980265E-04 6.502509E-04 6.471385E-04 6.646490E-04 6.032324E-04 6.337617E-04 5.921109E-04 5.341125E-04 5.135837E-04 5.399461E-04 4.838349E-04 4.479588E-04 4.465444E-04 4.332933E-04 4.177504E-04 4.081230E-04 4.079952E-04 3.995968E-04 3.836112E-04 3.486487E-04
 3.521185E-04 3.627903E-04 3.669234E-04 3.727726E-04 3.937049E-04 4.131781E-04 4.266308E-04 3.983988E-04 4.180302E-04 4.401017E-04 4.461983E-04 4.849312E-04 5.041723E-04 5.407651E-04 5.602606E-04 5.673958E-04 6.008068E-04 5.950933E-04 6.348385E-04 6.386434E-04 6.572277E-04 6.745489E-04 6.766785E-04 6.646570E-04 6.371924E-04 6.953908E-04 7.215986E-04 6.669576E-04 6.860088E-04 6.720408E-04 6.425861E-04 6.176313E-04 6.101479E-04 6.062466E-04 5.823779E-04 5.900422E-04 5.571512E-04 5.119250E-04 5.018776E-04 4.653969E-04 4.487355E-04 4.053209E-04 4.127065E-04 4.073484E-04 4.261017E-04 4.194173E-04 3.890548E-04 3.890987E-04 3.585214E-04 3.484931E-04
 3.217564E-04 3.253866E-04 3.386214E-04 3.414835E-04 3.732301E-04 3.742494E-04 4.041616E-04 3.838587E-04 4.103778E-04 4.124765E-04 4.401221E-04 4.681562E-04 4.636457E-04 5.150902E-04 5.375346E-04 5.562287E-04 5.735607E-04 5.668152E-04 5.709776E-04 6.066278E-04 5.846979E-04 6.328624E-04 6.506868E-04 6.287381E-04 6.384811E-04 6.583862E-04 6.413828E-04 6.288647E-04 6.357796E-04 6.172690E-04 6.051861E-04 5.745973E-04 5.462331E-04 5.568858E-04 5.745636E-04 5.471314E-04 5.261035E-04 4.894557E-04 4.736343E-04 4.707545E-04 4.265432E-04 3.697585E-04 3.854187E-04 3.896582E-04 4.003182E-04 3.801274E-04 3.923906E-04 3.545939E-04 3.565184E-04 3.266585E-04
 3.104358E-04 3.242056E-04 3.168726E-04 3.393169E-04 3.522875E-04 3.491390E-04 3.681745E-04 3.883124E-04 3.819760E-04 3.927251E-04 4.332140E-04 4.340964E-04 4.992955E-04 4.845697E-04 5.037962E-04 5.479161E-04 5.388181E-04 5.353476E-04 5.495878E-04 5.735910E-04 5.741602E-04 5.722387E-04 6.138056E-04 5.951080E-04 5.867358E-04 5.675989E-04 5.832436E-04 5.759804E-04 5.806534E-04 5.757773E-04 5.486978E-04 5.410678E-04 5.283308E-04 5.145655E-04 5.469645E-04 5.095242E-04 4.818844E-04 4.718251E-04 4.392633E-04 4.126634E-04 3.778479E-04 3.647238E-04 3.734244E-04 3.631194E-04 3.644796E-04 3.518585E-04 3.359081E-04 3.332431E-04 3.168299E-04 3.221434E-04
 3.052994E-04 3.050710E-04 3.451046E-04 3.756198E-04 3.491538E-04 3.406861E-04 3.459997E-04 3.665600E-04 3.567532E-04 3.616469E-04 4.073183E-04 4.194901E-04 4.474654E-04 4.962538E-04 4.793830E-04 4.771294E-04 5.145826E-04 5.332999E-04 5.441042E-04 5.230150E-04 5.352906E-04 5.120846E-04 5.415495E-04 5.421577E-04 5.591909E-04 5.572958E-04 5.613365E-04 5.615511E-04 5.624059E-04 5.572151E-04 5.316372E-04 4.795216E-04 5.031340E-04 5.123579E-04 4.779861E-04 4.658418E-04 4.556024E-04 4.597551E-04 4.248850E-04 3.929600E-04 3.633192E-04 3.244015E-04 3.484791E-04 3.486397E-04 3.502416E-04 3.575561E-04 3.417194E-04 3.262108E-04 3.187420E-04 3.131073E-04
 2.841590E-04 3.018146E-04 3.041769E-04 3.300369E-04 3.047221E-04 3.199387E-04 3.229770E-04 3.460338E-04 3.314371E-04 3.761117E-04 4.152712E-04 4.267425E-04 4.362717E-04 4.680225E-04 4.714320E-04 4.649146E-04 4.776806E-04 5.169683E-04 5.349263E-04 5.213863E-04 5.080573E-04 5.115305E-04 5.349252E-04 5.198181E-04 5.481398E-04 5.489060E-04 5.441130E-04 5.645762E-04 5.344754E-04 5.219469E-04 5.082318E-04 4.674651E-04 4.678362E-04 4.710804E-04 4.685849E-04 4.626393E-04 4.218938E-04 4.271663E-04 4.010021E-04 3.748069E-04 3.386557E-04 3.072276E-04 3.352275E-04 3.519378E-04 3.327599E-04 3.472760E-04 3.219505E-04 3.177546E-04 3.082668E-04 3.006224E-04
 2.789244E-04 3.012276E-04 2.870614E-04 3.044677E-04 2.991742E-04 2.882212E-04 2.944467E-04 3.401887E-04 3.264519E-04 3.317035E-04 3.854240E-04 3.852303E-04 3.998442E-04 4.251521E-04 4.171061E-04 4.118062E-04 4.297143E-04 4.632199E-04 4.706909E-04 5.054162E-04 4.776528E-04 4.611396E-04 4.944318E-04 4.957797E-04 5.195619E-04 5.111867E-04 5.252368E-04 5.349438E-04 5.102062E-04 5.095262E-04 5.135982E-04 4.525767E-04 4.407790E-04 4.483893E-04 4.450566E-04 4.286924E-04 3.939667E-04 3.736296E-04 3.608874E-04 3.591669E-04 3.084474E-04 3.210164E-04 2.762229E-04 3.294413E-04 3.178325E-04 3.270903E-04 3.261020E-04 2.891128E-04 2.572216E-04 2.760592E-04
 2.708022E-04 2.562642E-04 2.607676E-04 2.756627E-04 2.795363E-04 2.818648E-04 3.035382E-04 2.968893E-04 3.086477E-04 2.965166E-04 3.473243E-04 3.643213E-04 3.673919E-04 3.772365E-04 3.874869E-04 3.930601E-04 4.438110E-04 4.387188E-04 4.321406E-04 4.639937E-04 4.420439E-04 4.466974E-04 4.675934E-04 4.640137E-04 4.912742E-04 4.779225E-04 4.742955E-04 4.785039E-04 4.362857E-04 4.644231E-04 4.508760E-04 4.364141E-04 4.293320E-04 3.987197E-04 4.365943E-04 3.947653E-04 3.976081E-04 3.540712E-04 3.532577E-04 3.436613E-04 3.082526E-04 2.996796E-04 3.123566E-04 3.018000E-04 2.714210E-04 3.009374E-04 2.942761E-04 2.754166E-04 2.565265E-04 2.524082E-04
 2.515931E-04 2.645328E-04 2.630739E-04 2.638491E-04 2.601225E-04 2.681946E-04 2.746552E-04 2.733559E-04 2.730548E-04 2.869250E-04 3.141219E-04 3.378614E-04 3.736720E-04 3.722364E-04 4.090632E-04 3.962364E-04 4.203786E-04 4.408103E-04 4.234890E-04 4.203476E-04 4.216986E-04 4.186170E-04 4.284612E-04 4.498285E-04 4.398456E-04 4.122716E-04 4.515265E-04 4.310594E-04 4.404563E-04 4.322011E-04 4.200520E-04 4.493169E-04 4.179183E-04 4.075167E-04 4.101412E-04 3.645382E-04 3.641891E-04 3.345306E-04 3.269765E-04 2.963107E-04 3.014110E-04 2.720159E-04 2.863201E-04 3.037532E-04 2.787430E-04 2.686900E-04 2.693845E-04 2.518670E-04 2.309505E-04 2.461238E-04
 2.372830E-04 2.345933E-04 2.536857E-04 2.631473E-04 2.489856E-04 2.660111E-04 2.804918E-04 2.522231E-04 2.453999E-04 2.822471E-04 3.302674E-04 3.319941E-04 3.277612E-04 3.416136E-04 3.750816E-04 3.936309E-04 3.998087E-04 3.719314E-04 3.774767E-04 3.938351E-04 4.178045E-04 4.052393E-04 4.194834E-04 4.038381E-04 4.228773E-04 3.828195E-04 4.003269E-04 4.002784E-04 4.179571E-04 4.103326E-04 3.961470E-04 4.245604E-04 4.154579E-04 3.767384E-04 3.967810E-04 3.641119E-04 3.393870E-04 3.496584E-04 3.227910E-04 3.172425E-04 2.731009E-04 2.414286E-04 2.456654E-04 2.678481E-04 2.920297E-04 2.575740E-04 2.763302E-04 2.672370E-04 2.255957E-04 2.145252E-04
 2.180000E-04 2.412578E-04 2.474936E-04 2.264996E-04 2.284060E-04 2.590604E-04 2.467071E-04 2.459053E-04 2.364946E-04 2.650469E-04 2.678746E-04 2.889137E-04 2.846030E-04 2.991498E-04 3.598886E-04 3.244315E-04 3.541520E-04 3.379149E-04 3.501225E-04 3.676991E-04 3.819693E-04 3.868136E-04 3.888617E-04 3.745869E-04 3.995517E-04 3.815932E-04 3.705542E-04 3.672681E-04 3.595174E-04 3.563805E-04 3.628717E-04 3.475477E-04 3.708778E-04 3.506042E-04 3.627183E-04 3.424982E-04 3.348486E-04 3.124949E-04 3.049969E-04 2.781597E-04 2.613987E-04 2.439232E-04 2.439204E-04 2.657681E-04 2.579364E-04 2.349320E-04 2.472038E-04 2.500264E-04 2.411158E-04 2.176790E-04
 2.231422E-04 2.132052E-04 2.330691E-04 2.236035E-04 2.427266E-04 2.313763E-04 2.291209E-04 2.368294E-04 2.194934E-04 2.251476E-04 2.487640E-04 2.571390E-04 2.633105E-04 2.810169E-04 3.044739E-04 3.065326E-04 3.246035E-04 3.222716E-04 3.270594E-04 3.263725E-04 3.493393E-04 3.661054E-04 3.672406E-04 3.548532E-04 3.357526E-04 3.570582E-04 3.435094E-04 3.326864E-04 3.523411E-04 3.510688E-04 3.579544E-04 3.523221E-04 3.445448E-04 3.309824E-04 3.074899E-04 3.401226E-04 3.053111E-04 2.737570E-04 2.787594E-04 2.615597E-04 2.479394E-04 2.311964E-04 2.385785E-04 2.432009E-04 2.505267E-04 2.279568E-04 2.223842E-04 2.277882E-04 2.190205E-04 2.202589E-04
 2.001530E-04 2.031664E-04 2.121650E-04 2.221327E-04 2.162183E-04 1.923196E-04 2.199391E-04 2.181857E-04 2.067665E-04 2.095767E-04 2.398708E-04 2.468525E-04 2.511124E-04 2.500256E-04 2.770485E-04 2.816533E-04 2.903249E-04 3.078728E-04 3.144953E-04 3.018991E-04 3.270093E-04 3.165188E-04 3.315248E-04 3.186708E-04 3.368123E-04 3.343401E-04 3.263730E-04 3.009749E-04 3.064316E-04 3.122365E-04 3.082393E-04 2.924800E-04 2.995572E-04 2.704534E-04 2.746718E-04 2.771217E-04 2.542287E-04 2.414672E-04 2.321383E-04 2.389670E-04 2.065385E-04 2.082708E-04 2.224988E-04 2.086834E-04 2.318531E-04 2.402501E-04 2.161660E-04 1.908884E-04 1.918675E-04 2.033337E-04
 1.822019E-04 1.824226E-04 1.910436E-04 1.862297E-04 1.871185E-04 1.934466E-04 2.054429E-04 2.001147E-04 1.785540E-04 1.958468E-04 1.984684E-04 2.126963E-04 2.244575E-04 2.347017E-04 2.267113E-04 2.456487E-04 2.744577E-04 2.606491E-04 2.764144E-04 2.854587E-04 2.951679E-04 2.810943E-04 2.716957E-04 2.524025E-04 2.739578E-04 2.851248E-04 2.719076E-04 2.803949E-04 2.692882E-04 2.953517E-04 3.025062E-04 2.720247E-04 3.038708E-04 2.561416E-04 2.540833E-04 2.340084E-04 2.350736E-04 2.232403E-04 2.040141E-04 1.990389E-04 1.808952E-04 1.822122E-04 1.939033E-04 1.955868E-04 1.941517E-04 1.956012E-04 2.093237E-04 1.877591E-04 1.826312E-04 1.839024E-04
 1.718322E-04 1.723707E-04 1.782501E-04 1.885477E-04 1.803172E-04 1.814674E-04 1.887091E-04 1.679626E-04 1.699284E-04 1.887584E-04 1.900873E-04 1.875028E-04 1.960593E-04 1.931548E-04 1.925697E-04 2.281905E-04 2.232760E-04 2.273924E-04 2.308169E-04 2.544185E-04 2.480183E-04 2.508757E-04 2.372181E-04 2.479271E-04 2.248795E-04 2.342847E-04 2.362690E-04 2.315311E-04 2.226545E-04 2.300546E-04 2.522697E-04 2.241487E-04 2.379775E-04 2.365522E-04 2.438648E-04 2.359937E-04 2.109626E-04 1.882821E-04 1.867119E-04 1.918263E-04 1.555149E-04 1.580012E-04 1.745579E-04 1.902106E-04 1.825145E-04 1.837472E-04 1.940013E-04 1.834270E-04 1.694437E-04 1.806776E-04
     0.058745     0.061289     0.060321     0.059226     0.060547     0.060932     0.059226     0.060827     0.062100     0.062257     0.055044     0.054338     0.055833     0.053611     0.056547     0.054624     0.051483     0.050326     0.051939     0.049340     0.052130     0.048713     0.050469     0.049482     0.051866     0.048816     0.050212     0.049420     0.049581     0.052661     0.052327     0.054388     0.052918     0.054401     0.055326     0.054728     0.054080     0.058680     0.055595     0.057046     0.058160     0.064350     0.060839     0.065644     0.062798     0.061675     0.060388     0.064652     0.059431     0.058734
     0.057944     0.057017     0.056888     0.058887     0.058636     0.059991     0.060246     0.057877     0.058475     0.060571     0.057122     0.053547     0.054148     0.048486     0.051842     0.049025     0.050829     0.047454     0.049219     0.048300     0.047935     0.046325     0.044684     0.045285     0.046720     0.048324     0.047363     0.046170     0.046593     0.047230     0.048771     0.050274     0.051063     0.049151     0.050341     0.051020     0.054873     0.053108     0.053713     0.054859     0.055966     0.062140     0.057400     0.059040     0.057974     0.058626     0.057738     0.057640     0.054682     0.056354
     0.053131     0.055732     0.056699     0.055361     0.054679     0.052685     0.054448     0.057805     0.053815     0.053453     0.053970     0.053163     0.049815     0.049222     0.046800     0.047123     0.046454     0.045501     0.044801     0.044428     0.045164     0.043651     0.041611     0.042975     0.043341     0.043320     0.042884     0.042350     0.042730     0.046166     0.047282     0.044844     0.049108     0.048337     0.047487     0.045930     0.049602     0.049392     0.051455     0.052778     0.054758     0.053965     0.055056     0.054969     0.054074     0.055415     0.054990     0.055866     0.055546     0.054819
     0.051585     0.054784     0.051686     0.054893     0.053007     0.053741     0.050787     0.050911     0.050576     0.055053     0.050866     0.049187     0.047890     0.047417     0.044968     0.042221     0.044310     0.044338     0.043037     0.042713     0.041085     0.041168     0.040626     0.042341     0.041728     0.042202     0.042063     0.042243     0.042888     0.042212     0.041766     0.040681     0.045190     0.046464     0.045934     0.046411     0.046618     0.047726     0.050360     0.049434     0.051842     0.051839     0.053593     0.052958     0.053515     0.054617     0.057334     0.052505     0.055765     0.053617
     0.051846     0.051969     0.052961     0.052768     0.051951     0.050745     0.051515     0.050859     0.050501     0.047455     0.046537     0.048900     0.046391     0.044831     0.044230     0.043075     0.041682     0.040464     0.040446     0.040424     0.040000     0.040379     0.039394     0.040223     0.040442     0.041042     0.041405     0.038641     0.040748     0.040535     0.041114     0.041893     0.041933     0.043556     0.043175     0.044489     0.044314     0.044729     0.045105     0.051910     0.050499     0.051550     0.052665     0.049580     0.052512     0.053329     0.052387     0.053265     0.050924     0.050290
     0.049445     0.051493     0.048850     0.048703     0.052953     0.048557     0.049854     0.053771     0.048152     0.050670     0.045588     0.046817     0.041876     0.042154     0.042016     0.041854     0.039919     0.038966     0.039363     0.037814     0.039267     0.038503     0.038581     0.038642     0.038629     0.038654     0.037627     0.037856     0.039125     0.039690     0.039427     0.038225     0.041018     0.042288     0.039498     0.041713     0.041924     0.043685     0.046967     0.047887     0.047348     0.048762     0.050444     0.049370     0.052038     0.053327     0.047965     0.049954     0.048644     0.050634
     0.051940     0.051972     0.049988     0.046997     0.046443     0.047845     0.051736     0.050117     0.048805     0.045363     0.047813     0.044795     0.042859     0.040767     0.038622     0.038156     0.037632     0.036461     0.037462     0.038724     0.035888     0.037749     0.036961     0.037326     0.036773     0.037745     0.037189     0.037248     0.038455     0.037860     0.037892     0.039862     0.039001     0.038353     0.040180     0.039110     0.040356     0.044972     0.043534     0.048053     0.046495     0.045488     0.048973     0.049040     0.047412     0.045993     0.045312     0.048246     0.047689     0.047522
     0.050020     0.048442     0.047729     0.047476     0.046715     0.046242     0.044983     0.049104     0.046252     0.043553     0.041570     0.041054     0.040058     0.039172     0.039383     0.036240     0.038526     0.035763     0.037822     0.036822     0.035192     0.035998     0.037284     0.038267     0.036610     0.036533     0.036099     0.035805     0.035838     0.036160     0.036067     0.038072     0.037091     0.036766     0.038172     0.038470     0.039595     0.043764     0.040911     0.045357     0.046417     0.045068     0.045929     0.047879     0.048016     0.043484     0.046199     0.046369     0.045745     0.048898
     0.047378     0.043677     0.048334     0.044656     0.043782     0.044045     0.046008     0.043988     0.046809     0.044813     0.042952     0.039144     0.037504     0.038310     0.037196     0.035496     0.037764     0.035812     0.035335     0.034282     0.035661     0.035652     0.035443     0.034403     0.035156     0.035704     0.034349     0.035036     0.034623     0.033683     0.034059     0.033911     0.034092     0.036380     0.037753     0.037002     0.038945     0.039245     0.043545     0.043626     0.043016     0.044876     0.042633     0.043890     0.043447     0.044127     0.046055     0.046527     0.044885     0.047625
     0.045299     0.044009     0.044065     0.044772     0.043186     0.044163     0.044359     0.042132     0.041877     0.043694     0.042397     0.040641     0.038117     0.038276     0.038856     0.035258     0.034657     0.035693     0.035227     0.033514     0.035405     0.034105     0.034075     0.033972     0.033326     0.033472     0.033475     0.033253     0.034246     0.033860     0.034100     0.033575     0.034344     0.036005     0.035600     0.035715     0.037397     0.036470     0.037924     0.040903     0.042008     0.044697     0.044182     0.044247     0.044082     0.045160     0.045232     0.046886     0.044749     0.044532
     0.043847     0.042150     0.042932     0.043924     0.043582     0.042734     0.044639     0.044976     0.040557     0.038199     0.040584     0.038415     0.036817     0.035982     0.036122     0.034275     0.034129     0.034283     0.033868     0.032820     0.033735     0.032980     0.033303     0.035771     0.034757     0.033203     0.033479     0.032795     0.033024     0.032778     0.033435     0.034855     0.033461     0.032718     0.034246     0.034421     0.037247     0.037032     0.038054     0.038421     0.041067     0.041508     0.042739     0.042123     0.043059     0.041514     0.043073     0.044242     0.043269     0.045153
     0.041316     0.040897     0.040226     0.042468     0.042391     0.042144     0.041556     0.039212     0.042130     0.038692     0.038360     0.036821     0.036292     0.034336     0.034353     0.034252     0.033820     0.033629     0.032967     0.032002     0.032637     0.032191     0.033430     0.033493     0.032467     0.033885     0.032593     0.031640     0.032830     0.033240     0.032454     0.031978     0.034150     0.034189     0.032108     0.035506     0.036661     0.036146     0.037568     0.037444     0.040191     0.041421     0.043414     0.041273     0.040784     0.041073     0.041527     0.041676     0.040755     0.040271
     0.041297     0.040430     0.040468     0.039121     0.040346     0.040051     0.041072     0.041021     0.041072     0.039800     0.036347     0.035162     0.035379     0.033713     0.032590     0.032871     0.032847     0.033066     0.032317     0.032252     0.032968     0.033738     0.031852     0.030866     0.032308     0.030859     0.029495     0.029630     0.032393     0.030171     0.031554     0.030909     0.032587     0.033237     0.033204     0.032780     0.033253     0.034041     0.036282     0.038446     0.040595     0.042600     0.042315     0.038571     0.042141     0.039966     0.039460     0.039872     0.040406     0.041127
     0.038816     0.039560     0.038496     0.039291     0.041143     0.038621     0.039656     0.038739     0.038313     0.038427     0.036814     0.035424     0.033316     0.032313     0.031479     0.031349     0.031553     0.030974     0.030650     0.030342     0.029950     0.031242     0.031357     0.030787     0.030140     0.031678     0.029648     0.030709     0.031775     0.030694     0.030826     0.029715     0.031012     0.032228     0.033113     0.032975     0.033308     0.034131     0.035146     0.036019     0.036059     0.039263     0.039720     0.040542     0.038747     0.038263     0.038947     0.038838     0.039738     0.039290
     0.039983     0.038559     0.037850     0.038496     0.039413     0.038413     0.037576     0.036874     0.037649     0.036924     0.034541     0.033279     0.033789     0.032052     0.031316     0.031070     0.030950     0.029616     0.028092     0.028869     0.029769     0.030150     0.028218     0.029080     0.030210     0.029426     0.030307     0.030033     0.030622     0.031577     0.029726     0.030222     0.030318     0.031572     0.032333     0.033122     0.033459     0.032296     0.034188     0.035276     0.038504     0.039379     0.039833     0.037937     0.038869     0.040530     0.038100     0.039053     0.039381     0.038861
     0.038454     0.038909     0.036665     0.037345     0.037580     0.036548     0.038075     0.036328     0.037153     0.035859     0.034610     0.032659     0.032199     0.030792     0.030715     0.031301     0.029772     0.030755     0.029212     0.029698     0.027782     0.029787     0.029249     0.027981     0.028360     0.030150     0.028953     0.029150     0.029288     0.028965     0.032220     0.030421     0.029670     0.029509     0.030653     0.030489     0.031725     0.032583     0.033394     0.033445     0.036180     0.037144     0.039281     0.037596     0.036877     0.037876     0.041261     0.037570     0.039939     0.038802
     0.037353     0.037533     0.036785     0.036465     0.035462     0.036108     0.036679     0.037339     0.035242     0.033871     0.033354     0.032086     0.033300     0.031242     0.029896     0.030206     0.028787     0.028678     0.028639     0.027479     0.027905     0.030306     0.029199     0.028479     0.027328     0.028679     0.027902     0.028666     0.027896     0.026890     0.027946     0.028920     0.029763     0.029403     0.030082     0.031776     0.032007     0.031905     0.032203     0.033677     0.033523     0.038588     0.035473     0.035479     0.036672     0.037739     0.036302     0.036815     0.038564     0.037042
     0.037535     0.037215     0.035483     0.036932     0.037014     0.037264     0.035112     0.035565     0.035772     0.034129     0.033596     0.031786     0.030213     0.030565     0.028922     0.030188     0.030265     0.028529     0.027465     0.027144     0.029308     0.026911     0.027239     0.027190     0.028493     0.027448     0.028490     0.027644     0.026353     0.027087     0.028204     0.027855     0.028438     0.026933     0.028023     0.029785     0.029860     0.032043     0.030837     0.033105     0.032971     0.035129     0.035021     0.035984     0.036041     0.036314     0.035801     0.035511     0.036361     0.037793
     0.036891     0.037026     0.037570     0.036482     0.035687     0.034650     0.034957     0.037184     0.034573     0.032973     0.032723     0.030407     0.031324     0.028343     0.029138     0.029865     0.028351     0.028295     0.027626     0.027249     0.028522     0.027613     0.028195     0.026803     0.026357     0.027773     0.026834     0.027690     0.027514     0.027602     0.028540     0.027336     0.027046     0.027758     0.028431     0.028389     0.030067     0.029940     0.032140     0.031375     0.031405     0.034792     0.034989     0.035608     0.035060     0.035458     0.036042     0.035856     0.035711     0.037145
     0.035675     0.035767     0.034910     0.034248     0.033688     0.034536     0.033905     0.035127     0.034213     0.032157     0.031009     0.029283     0.029063     0.028951     0.028025     0.027637     0.027870     0.026986     0.028690     0.026355     0.027732     0.026745     0.026721     0.026129     0.027651     0.026835     0.026199     0.027228     0.027084     0.027592     0.027268     0.027125     0.027564     0.027564     0.028510     0.027837     0.027879     0.030591     0.030111     0.030778     0.032287     0.032865     0.033237     0.034934     0.035425     0.035212     0.034017     0.035723     0.034750     0.035601
     0.034864     0.035089     0.034691     0.034243     0.033544     0.033042     0.033554     0.034209     0.032569     0.030997     0.030615     0.029015     0.029521     0.028599     0.028960     0.027161     0.027144     0.027081     0.029344     0.027894     0.026729     0.028357     0.027828     0.027675     0.028500     0.028158     0.027717     0.027422     0.027101     0.027774     0.028221     0.027358     0.027354     0.026430     0.026780     0.027995     0.027863     0.028659     0.029663     0.029935     0.031507     0.032065     0.033615     0.033592     0.034459     0.033747     0.034399     0.034410     0.034904     0.034030
     0.031404     0.031516     0.031416     0.031494     0.030862     0.031020     0.031223     0.030821     0.030782     0.029657     0.028666     0.028857     0.028980     0.028729     0.027733     0.027963     0.027085     0.026438     0.027719     0.026967     0.027694     0.028189     0.027566     0.027952     0.028073     0.028536     0.027885     0.028084     0.028207     0.027605     0.027336     0.027216     0.027611     0.027618     0.027365     0.027434     0.027391     0.028214     0.028003     0.028622     0.030362     0.030954     0.030764     0.031114     0.031102     0.030939     0.031296     0.032080     0.031246     0.031311
     0.026431     0.026032     0.026544     0.026809     0.027120     0.026977     0.027167     0.027860     0.027325     0.027168     0.027019     0.026814     0.026455     0.025641     0.026196     0.025751     0.026675     0.026429     0.026541     0.026980     0.027154     0.027255     0.027197     0.027476     0.027545     0.027208     0.027677     0.027877     0.027028     0.026857     0.026647     0.026275     0.026110     0.026038     0.026695     0.026155     0.025787     0.026288     0.026614     0.026553     0.027560     0.027509     0.027609     0.026928     0.027150     0.026393     0.026648     0.026817     0.026566     0.026181
     0.025395     0.025856     0.025769     0.025995     0.026533     0.026535     0.026584     0.027207     0.027082     0.026652     0.026095     0.025768     0.025458     0.025474     0.024970     0.025301     0.025661     0.025671     0.025967     0.026349     0.026887     0.027007     0.026926     0.026874     0.026808     0.026585     0.026144     0.026633     0.026343     0.026597     0.026049     0.026041     0.025793     0.025315     0.025635     0.025536     0.025277     0.025632     0.025834     0.026129     0.026293     0.027013     0.027304     0.026183     0.026257     0.025833     0.025672     0.025746     0.026045     0.025496
     0.025745     0.025759     0.025752     0.026023     0.026126     0.026238     0.026291     0.027072     0.027174     0.026125     0.025584     0.025237     0.024891     0.025282     0.025111     0.025218     0.025333     0.025590     0.025803     0.025925     0.026674     0.026595     0.026364     0.026147     0.026833     0.027004     0.026395     0.026423     0.026360     0.026198     0.026055     0.025451     0.024834     0.024990     0.025031     0.025606     0.025195     0.025109     0.025685     0.025550     0.026223     0.026597     0.026768     0.026127     0.025596     0.025556     0.025323     0.025163     0.025141     0.025043
     0.025757     0.025575     0.025511     0.025505     0.025954     0.026644     0.026490     0.027092     0.027236     0.026316     0.025809     0.025762     0.025518     0.025498     0.025468     0.025398     0.025429     0.025528     0.025849     0.026152     0.026185     0.026744     0.026263     0.026236     0.026071     0.026253     0.026035     0.025965     0.026346     0.026137     0.026131     0.025361     0.026142     0.025989     0.025586     0.025556     0.025608     0.025163     0.025634     0.025823     0.026316     0.026780     0.026688     0.025858     0.025746     0.025718     0.025608     0.025405     0.025268     0.025305
     0.025289     0.025178     0.025767     0.025979     0.026277     0.026344     0.026847     0.027582     0.027600     0.026552     0.026119     0.026078     0.025198     0.025331     0.025540     0.025647     0.025973     0.025421     0.026095     0.026173     0.026128     0.026511     0.026263     0.026812     0.026980     0.026318     0.026349     0.026542     0.026439     0.026385     0.026584     0.026054     0.026113     0.025951     0.025415     0.025379     0.025533     0.025110     0.025259     0.025226     0.026187     0.026801     0.026948     0.026455     0.026559     0.026281     0.026202     0.026222     0.025936     0.025853
     0.026551     0.026761     0.026857     0.026876     0.026848     0.026833     0.026904     0.028125     0.028236     0.027282     0.026679     0.026953     0.026190     0.026612     0.026366     0.026429     0.026218     0.026298     0.026585     0.026888     0.026616     0.026744     0.027172     0.027249     0.027258     0.027012     0.027155     0.026934     0.026793     0.026929     0.026592     0.026896     0.026784     0.026408     0.026048     0.025934     0.026388     0.026097     0.026059     0.026784     0.026735     0.028323     0.028037     0.027122     0.026597     0.026654     0.026476     0.026740     0.026458     0.026146
     0.031769     0.031034     0.031141     0.031364     0.031709     0.031467     0.031315     0.031796     0.030677     0.029750     0.029033     0.028566     0.028294     0.027981     0.027820     0.027713     0.027830     0.027742     0.028236     0.027694     0.027567     0.027329     0.027771     0.028797     0.028349     0.028018     0.027763     0.027774     0.028958     0.027604     0.027487     0.027229     0.027757     0.027081     0.026793     0.027435     0.028199     0.027652     0.028264     0.029335     0.030311     0.030624     0.032367     0.031605     0.031288     0.031343     0.031237     0.031078     0.031016     0.030918
     0.034359     0.035575     0.034049     0.034170     0.033802     0.033973     0.033799     0.033379     0.032344     0.030905     0.029777     0.029588     0.029506     0.027985     0.028334     0.026899     0.026648     0.026514     0.029201     0.028002     0.026457     0.027511     0.027700     0.027294     0.027606     0.028062     0.027976     0.027890     0.028380     0.028589     0.026862     0.028830     0.026902     0.026747     0.027461     0.028173     0.028047     0.027286     0.029757     0.029871     0.031202     0.032621     0.033205     0.034159     0.034480     0.034772     0.033568     0.034429     0.034396     0.034212
     0.036031     0.035323     0.035462     0.035149     0.034584     0.033868     0.035060     0.035000     0.033801     0.031355     0.031780     0.030144     0.028541     0.028090     0.028700     0.027731     0.028834     0.028318     0.028189     0.028065     0.028512     0.028180     0.027263     0.028065     0.027059     0.027147     0.027994     0.028612     0.025912     0.027591     0.027195     0.027419     0.026569     0.028267     0.027891     0.027801     0.029429     0.029546     0.029923     0.031499     0.031098     0.032856     0.034403     0.035118     0.033673     0.035394     0.036254     0.035214     0.035658     0.036791
     0.035787     0.036286     0.035277     0.034932     0.034623     0.034923     0.035854     0.034366     0.033627     0.034650     0.031257     0.029867     0.029063     0.029340     0.029735     0.028850     0.028487     0.026791     0.028663     0.027773     0.027658     0.027778     0.027826     0.027869     0.027709     0.026499     0.027534     0.027176     0.025881     0.027253     0.028280     0.027247     0.028229     0.026816     0.029236     0.028503     0.029130     0.031542     0.029768     0.030960     0.033072     0.033858     0.034560     0.035584     0.038176     0.036572     0.036773     0.036997     0.036791     0.037017
     0.036709     0.037193     0.035543     0.035979     0.036154     0.035890     0.035578     0.036121     0.034469     0.034350     0.032334     0.031656     0.030457     0.030805     0.028508     0.029500     0.028755     0.028446     0.028771     0.027128     0.027396     0.027785     0.027534     0.027547     0.027675     0.027350     0.027074     0.028827     0.028806     0.028831     0.027433     0.028498     0.028504     0.029170     0.028644     0.028949     0.029567     0.031517     0.030536     0.031984     0.035007     0.034441     0.035652     0.035955     0.035207     0.035780     0.036890     0.037110     0.038726     0.038738
     0.037487     0.036386     0.036998     0.036907     0.037171     0.037012     0.037965     0.037952     0.035466     0.033671     0.033326     0.032621     0.031652     0.032003     0.030138     0.029920     0.030181     0.030148     0.028699     0.027901     0.028890     0.028293     0.028382     0.027958     0.029546     0.029839     0.029056     0.028311     0.029503     0.028372     0.027542     0.027989     0.030010     0.030419     0.029243     0.031717     0.032363     0.032231     0.031120     0.033574     0.033809     0.036188     0.037828     0.036894     0.036918     0.036170     0.038188     0.038086     0.038831     0.039604
     0.038212     0.037549     0.038484     0.038948     0.038415     0.037922     0.039068     0.036967     0.036712     0.035430     0.033850     0.031343     0.032218     0.032099     0.032801     0.031001     0.030904     0.029980     0.027797     0.028618     0.031124     0.028885     0.029354     0.030929     0.028485     0.029674     0.029344     0.028967     0.029690     0.029695     0.029305     0.029987     0.030375     0.030838     0.030556     0.031893     0.030488     0.032716     0.034240     0.035710     0.033560     0.037927     0.037263     0.037478     0.037905     0.037977     0.035727     0.038340     0.039524     0.039130
     0.038778     0.040790     0.039239     0.039158     0.039774     0.037596     0.038253     0.038278     0.038427     0.035311     0.034532     0.034331     0.033701     0.033746     0.032141     0.031381     0.031309     0.031085     0.029058     0.031570     0.030802     0.030057     0.029002     0.029805     0.029001     0.028997     0.028035     0.030902     0.028355     0.029915     0.029657     0.031644     0.030354     0.031434     0.031044     0.031128     0.031927     0.032124     0.033831     0.035889     0.036094     0.037071     0.037236     0.038287     0.036995     0.037390     0.037528     0.040457     0.039575     0.041049
     0.040673     0.041246     0.040793     0.037658     0.039211     0.038935     0.039127     0.037936     0.040329     0.040371     0.036576     0.036487     0.035498     0.033551     0.031885     0.031556     0.032835     0.031883     0.030686     0.031828     0.030818     0.030175     0.029203     0.031953     0.028951     0.031663     0.030652     0.029907     0.030572     0.030636     0.030200     0.032443     0.031688     0.031613     0.032241     0.033665     0.032976     0.035445     0.035612     0.035587     0.038408     0.038523     0.038414     0.040127     0.039411     0.040275     0.038170     0.039581     0.040485     0.041081
     0.041143     0.041433     0.041304     0.039581     0.040034     0.039546     0.040493     0.041948     0.040366     0.039895     0.036800     0.036081     0.035050     0.033957     0.033348     0.032091     0.035626     0.031936     0.033330     0.030305     0.031991     0.031927     0.030960     0.029819     0.030763     0.030569     0.030814     0.031247     0.031257     0.032500     0.030789     0.032272     0.032345     0.032431     0.032937     0.035367     0.032969     0.035467     0.035863     0.036423     0.038040     0.038056     0.041151     0.039765     0.042514     0.039755     0.040361     0.040137     0.040444     0.039168
     0.043633     0.041493     0.041646     0.039949     0.041582     0.040129     0.041660     0.039933     0.041856     0.038726     0.038155     0.034882     0.037186     0.034500     0.033301     0.035700     0.033253     0.033787     0.033026     0.033461     0.032830     0.031967     0.032058     0.031836     0.032763     0.032348     0.030878     0.031941     0.033153     0.032882     0.031508     0.032028     0.033716     0.033641     0.034406     0.034771     0.035227     0.037627     0.038595     0.040136     0.039180     0.040654     0.042809     0.043485     0.043604     0.042568     0.042267     0.042370     0.040927     0.042860
     0.043796     0.043335     0.042197     0.040572     0.042291     0.042290     0.042544     0.041888     0.041536     0.041890     0.039372     0.037756     0.037937     0.038862     0.035869     0.035618     0.034671     0.035396     0.034155     0.032147     0.032554     0.032527     0.032532     0.034760     0.033051     0.033334     0.033126     0.032718     0.033350     0.031865     0.033572     0.033065     0.034558     0.033299     0.033665     0.035934     0.036502     0.038827     0.037605     0.038287     0.039566     0.043854     0.042196     0.042910     0.041915     0.040659     0.041299     0.043081     0.045058     0.044277
     0.044246     0.043151     0.042950     0.042889     0.044481     0.046089     0.042988     0.043445     0.043021     0.042463     0.039187     0.038841     0.038034     0.036855     0.038191     0.037191     0.037105     0.035599     0.033448     0.034704     0.036557     0.035929     0.034466     0.033381     0.033685     0.032943     0.033077     0.032964     0.033476     0.035168     0.033899     0.034370     0.036664     0.036458     0.035545     0.036491     0.037230     0.040800     0.041950     0.040522     0.040972     0.045349     0.045236     0.044127     0.044159     0.042854     0.044654     0.044406     0.045312     0.044318
     0.043865     0.046106     0.043878     0.047257     0.045897     0.045480     0.042595     0.043965     0.044826     0.044625     0.042804     0.038541     0.040812     0.038380     0.037535     0.037498     0.037300     0.037492     0.037355     0.037102     0.037350     0.035915     0.035052     0.034782     0.035751     0.034631     0.034669     0.034756     0.034553     0.036750     0.036668     0.034283     0.035698     0.038293     0.038953     0.039762     0.040306     0.040344     0.040979     0.044215     0.044188     0.047985     0.044380     0.047820     0.046176     0.044775     0.044831     0.044739     0.043512     0.045894
     0.047764     0.047350     0.046186     0.049490     0.046166     0.047476     0.047071     0.044749     0.046749     0.042275     0.043865     0.043441     0.040846     0.039140     0.038570     0.037512     0.036593     0.037234     0.036692     0.037530     0.037017     0.036059     0.037164     0.035127     0.035837     0.036015     0.034980     0.036419     0.036861     0.037595     0.036396     0.038734     0.038188     0.036948     0.038179     0.038053     0.039799     0.040594     0.042896     0.045558     0.044297     0.047185     0.046685     0.045058     0.048334     0.045912     0.049869     0.046668     0.049879     0.046754
     0.046380     0.050368     0.049813     0.050035     0.050089     0.047310     0.047744     0.047858     0.050016     0.047287     0.046341     0.042179     0.041964     0.041055     0.040665     0.039482     0.039796     0.038658     0.037782     0.036972     0.036342     0.037547     0.037348     0.037285     0.037891     0.037022     0.037891     0.037427     0.039353     0.038699     0.037487     0.037964     0.037612     0.039986     0.039452     0.040322     0.039971     0.043918     0.044094     0.043364     0.045499     0.048301     0.047296     0.046350     0.047809     0.049967     0.046087     0.050984     0.049263     0.049040
     0.052002     0.053234     0.047371     0.049484     0.048879     0.049356     0.050324     0.047492     0.049999     0.045824     0.043461     0.042435     0.044857     0.042274     0.043188     0.042036     0.041537     0.040038     0.039443     0.039672     0.038620     0.038416     0.039227     0.038425     0.040024     0.038553     0.041232     0.040038     0.039390     0.039318     0.039169     0.038263     0.039483     0.038591     0.042395     0.041979     0.043298     0.043777     0.043908     0.047014     0.046987     0.047573     0.051201     0.049538     0.048584     0.048013     0.045156     0.049932     0.051022     0.049057
     0.050317     0.050881     0.053766     0.051954     0.050742     0.051757     0.050905     0.053273     0.050211     0.051689     0.047007     0.046348     0.047510     0.044018     0.043810     0.042361     0.044543     0.042326     0.042128     0.041460     0.041438     0.040754     0.042924     0.039326     0.040811     0.040142     0.040715     0.040081     0.040813     0.041629     0.039752     0.040101     0.042188     0.041934     0.044228     0.043592     0.043233     0.043360     0.045972     0.046444     0.050642     0.050372     0.055110     0.053984     0.049521     0.050361     0.051546     0.050140     0.053587     0.051004
     0.056819     0.051557     0.052107     0.053525     0.052231     0.052511     0.051324     0.055096     0.053263     0.055485     0.050068     0.049219     0.051061     0.046265     0.047158     0.044990     0.044693     0.044838     0.044512     0.042550     0.043589     0.042277     0.040845     0.041898     0.041845     0.043632     0.041432     0.042850     0.040827     0.042379     0.041511     0.042717     0.043721     0.043824     0.045676     0.046027     0.048483     0.045210     0.049275     0.048879     0.054687     0.052686     0.054108     0.054350     0.053927     0.052828     0.051027     0.049730     0.050987     0.050184
     0.053261     0.055018     0.055279     0.055360     0.055430     0.056046     0.057293     0.056231     0.058126     0.057585     0.053690     0.053208     0.049795     0.048208     0.049404     0.047185     0.046306     0.046644     0.043364     0.043789     0.044780     0.044968     0.042553     0.042355     0.044518     0.044461     0.044382     0.044517     0.044613     0.043655     0.047689     0.046446     0.046982     0.046875     0.047061     0.050862     0.051093     0.050876     0.050656     0.055092     0.056438     0.056814     0.057381     0.054749     0.053756     0.052913     0.054528     0.054950     0.053875     0.054054
     0.057120     0.058341     0.058943     0.059494     0.056068     0.057939     0.058708     0.059036     0.057631     0.058923     0.056558     0.056568     0.053172     0.051532     0.053521     0.050820     0.050138     0.050024     0.046533     0.046078     0.046588     0.047977     0.047781     0.049640     0.050544     0.047819     0.046810     0.047619     0.047524     0.047079     0.048072     0.046766     0.049410     0.051171     0.053091     0.053532     0.054573     0.056878     0.056546     0.056774     0.058511     0.057900     0.065076     0.059935     0.060388     0.058570     0.054529     0.055742     0.055931     0.055367
     0.056983     0.056325     0.059098     0.060792     0.059202     0.059726     0.064632     0.061533     0.061775     0.065169     0.064248     0.061979     0.057177     0.057601     0.057367     0.057254     0.053522     0.052494     0.050808     0.051264     0.054535     0.053831     0.053013     0.052835     0.052911     0.053318     0.051439     0.052562     0.053642     0.053694     0.051964     0.050196     0.054354     0.052848     0.054786     0.053699     0.056528     0.055788     0.062285     0.066592     0.060279     0.065063     0.061752     0.059878     0.061826     0.059147     0.060013     0.060098     0.058023     0.055536
