MCNP(X) Input File                                            07/26/19 10:57:57 
 1  mcnp      6                          05/08/13  10000000
     0
    10     1    51     2    51     1  2500     1  2500     1     0     0     0     0     0     0     0     0     0
  0.00000     0.100000E+37
     0
     0
 -3.00000     -2.88000     -2.76000     -2.64000     -2.52000     -2.40000     -2.28000     -2.16000     -2.04000     -1.92000     -1.80000     -1.68000     -1.56000     -1.44000     -1.32000     -1.20000     -1.08000     -.960000     -.840000     -.720000     -.600000     -.480000     -.360000     -.240000     -.120000     0.166533E-14 0.120000     0.240000     0.360000     0.480000     0.600000     0.720000     0.840000     0.960000      1.08000      1.20000      1.32000      1.44000      1.56000      1.68000      1.80000      1.92000      2.04000      2.16000      2.28000      2.40000      2.52000      2.64000      2.76000      2.88000      3.00000    
  20.0000      22.0000    
 -5.00000     -4.80000     -4.60000     -4.40000     -4.20000     -4.00000     -3.80000     -3.60000     -3.40000     -3.20000     -3.00000     -2.80000     -2.60000     -2.40000     -2.20000     -2.00000     -1.80000     -1.60000     -1.40000     -1.20000     -1.00000     -.800000     -.600000     -.400000     -.200000     0.216493E-14 0.200000     0.400000     0.600000     0.800000      1.00000      1.20000      1.40000      1.60000      1.80000      2.00000      2.20000      2.40000      2.60000      2.80000      3.00000      3.20000      3.40000      3.60000      3.80000      4.00000      4.20000      4.40000      4.60000      4.80000      5.00000    
 1.757125E-04 1.690251E-04 1.502922E-04 1.801864E-04 1.603187E-04 1.816359E-04 1.678286E-04 1.546419E-04 1.522898E-04 1.575203E-04 1.711166E-04 1.760663E-04 1.845336E-04 1.803417E-04 1.863510E-04 1.860180E-04 2.147766E-04 2.035349E-04 2.252368E-04 2.034503E-04 2.262114E-04 2.216111E-04 2.253110E-04 2.209105E-04 2.132378E-04 2.247406E-04 2.397647E-04 2.255829E-04 2.230309E-04 2.366505E-04 2.136539E-04 1.956700E-04 2.048911E-04 2.075544E-04 1.787667E-04 1.914599E-04 1.847603E-04 1.953695E-04 1.839550E-04 1.696101E-04 1.536597E-04 1.535352E-04 1.625015E-04 1.835576E-04 1.652117E-04 1.823354E-04 1.885446E-04 1.579767E-04 1.395369E-04 1.405415E-04
 1.727779E-04 1.889613E-04 1.725501E-04 1.734164E-04 1.981664E-04 1.799877E-04 1.800124E-04 1.682253E-04 1.759724E-04 1.625551E-04 1.961477E-04 1.857925E-04 2.103096E-04 2.019852E-04 2.121924E-04 2.213142E-04 2.283767E-04 2.422062E-04 2.571820E-04 2.644150E-04 2.567463E-04 2.583011E-04 2.517739E-04 2.390764E-04 2.540300E-04 2.723376E-04 2.862469E-04 2.768101E-04 2.743812E-04 2.624619E-04 2.380663E-04 2.307911E-04 2.460678E-04 2.376716E-04 2.355701E-04 2.361228E-04 2.120181E-04 2.252204E-04 2.150613E-04 2.185768E-04 1.809692E-04 1.707412E-04 1.809598E-04 1.661167E-04 1.724680E-04 1.779339E-04 1.788357E-04 1.688067E-04 1.504890E-04 1.549090E-04
 1.706377E-04 1.757690E-04 1.894260E-04 1.889631E-04 1.912922E-04 1.998647E-04 1.828348E-04 1.881480E-04 1.904106E-04 1.960152E-04 2.035527E-04 2.106858E-04 2.289433E-04 2.562519E-04 2.360146E-04 2.523652E-04 2.484999E-04 2.620952E-04 2.678553E-04 2.759075E-04 2.969870E-04 3.058313E-04 2.848325E-04 2.822502E-04 2.935410E-04 2.910231E-04 2.939229E-04 2.927081E-04 3.048699E-04 3.045994E-04 2.761048E-04 2.744102E-04 2.657797E-04 2.602714E-04 2.604118E-04 2.470521E-04 2.409099E-04 2.212927E-04 2.329691E-04 2.278862E-04 2.132132E-04 1.917700E-04 1.886153E-04 1.876647E-04 1.831329E-04 1.880842E-04 1.712129E-04 1.749518E-04 1.820108E-04 1.716970E-04
 1.809199E-04 1.909492E-04 1.833662E-04 1.874690E-04 2.151802E-04 2.253061E-04 1.934202E-04 1.991891E-04 2.026022E-04 2.347999E-04 2.371655E-04 2.410351E-04 2.596130E-04 2.665898E-04 2.628241E-04 2.630335E-04 2.993378E-04 2.882321E-04 3.067611E-04 3.220129E-04 3.079363E-04 2.998782E-04 3.117999E-04 3.450777E-04 3.235681E-04 3.195482E-04 3.250841E-04 3.285954E-04 3.328561E-04 3.329231E-04 2.977163E-04 2.852061E-04 3.101876E-04 2.923306E-04 2.775668E-04 2.753927E-04 2.512895E-04 2.460076E-04 2.549437E-04 2.380052E-04 2.310926E-04 1.984505E-04 2.130760E-04 2.082810E-04 2.171942E-04 1.981242E-04 2.093875E-04 1.922710E-04 1.948221E-04 1.873186E-04
 2.060766E-04 2.129456E-04 2.153346E-04 1.989341E-04 2.331183E-04 2.309017E-04 2.207510E-04 2.031744E-04 2.071214E-04 2.300520E-04 2.320964E-04 2.543354E-04 2.678014E-04 2.936959E-04 3.085182E-04 2.865863E-04 2.859530E-04 2.964072E-04 2.974515E-04 3.275557E-04 3.168744E-04 3.206856E-04 3.401452E-04 3.741975E-04 3.565839E-04 3.387570E-04 3.352974E-04 3.423320E-04 3.541100E-04 3.196713E-04 3.343831E-04 3.267591E-04 3.147225E-04 3.199837E-04 2.910918E-04 3.085413E-04 2.820892E-04 2.674479E-04 2.416370E-04 2.549976E-04 2.380570E-04 2.285613E-04 2.350046E-04 2.188793E-04 2.293938E-04 2.102862E-04 2.109290E-04 2.165424E-04 2.075098E-04 2.117365E-04
 2.074046E-04 2.355055E-04 2.240194E-04 2.025911E-04 2.384439E-04 2.217555E-04 2.393712E-04 2.489948E-04 2.352377E-04 2.432395E-04 2.358399E-04 2.574877E-04 2.932176E-04 3.006786E-04 3.286782E-04 3.307719E-04 3.098268E-04 3.260683E-04 3.434779E-04 3.444619E-04 3.430663E-04 3.333030E-04 3.596710E-04 3.857873E-04 3.627429E-04 3.556520E-04 3.459989E-04 3.545554E-04 3.545636E-04 3.596777E-04 3.657110E-04 3.447707E-04 3.470665E-04 3.414896E-04 3.234506E-04 3.007872E-04 2.993382E-04 2.793275E-04 2.745129E-04 2.660326E-04 2.443395E-04 2.382562E-04 2.453675E-04 2.293312E-04 2.179668E-04 2.301169E-04 2.114484E-04 2.152026E-04 2.233589E-04 2.079023E-04
 2.159054E-04 2.153240E-04 2.239182E-04 2.280945E-04 2.385204E-04 2.465145E-04 2.493973E-04 2.588949E-04 2.494772E-04 2.515544E-04 2.755479E-04 2.768127E-04 2.997846E-04 3.057782E-04 3.139961E-04 3.412402E-04 3.634533E-04 3.553116E-04 3.676522E-04 3.912597E-04 3.782393E-04 3.619993E-04 3.623108E-04 3.875069E-04 4.098800E-04 4.021672E-04 3.888712E-04 3.925949E-04 3.747925E-04 3.806904E-04 3.805002E-04 3.781372E-04 3.514310E-04 3.465236E-04 3.387321E-04 3.154466E-04 3.146689E-04 2.898789E-04 2.829333E-04 2.731573E-04 2.633070E-04 2.446489E-04 2.707520E-04 2.248037E-04 2.384820E-04 2.277384E-04 2.125727E-04 2.191454E-04 2.177440E-04 2.111250E-04
 2.251434E-04 2.316554E-04 2.377260E-04 2.529520E-04 2.445432E-04 2.455129E-04 2.618840E-04 2.600246E-04 2.631422E-04 2.740360E-04 2.961603E-04 3.086915E-04 3.267713E-04 3.157319E-04 3.367710E-04 3.470998E-04 3.766615E-04 3.869373E-04 3.759446E-04 3.960608E-04 3.784519E-04 3.930913E-04 3.989550E-04 4.097619E-04 4.124385E-04 4.093817E-04 3.992086E-04 4.147111E-04 4.310851E-04 4.168923E-04 4.261154E-04 3.885486E-04 3.794972E-04 3.748404E-04 3.709327E-04 3.499091E-04 3.222395E-04 3.401435E-04 3.111007E-04 2.973831E-04 2.667188E-04 2.695990E-04 2.654100E-04 2.424555E-04 2.598436E-04 2.300575E-04 2.284165E-04 2.379381E-04 2.220088E-04 2.202146E-04
 2.248496E-04 2.278467E-04 2.502578E-04 2.694260E-04 2.972605E-04 2.970157E-04 2.939583E-04 2.518619E-04 2.580926E-04 2.774258E-04 3.067839E-04 3.212370E-04 3.369336E-04 3.471996E-04 3.598975E-04 3.602129E-04 3.762051E-04 3.778576E-04 4.261313E-04 3.914281E-04 3.832383E-04 4.222144E-04 4.272268E-04 4.368206E-04 4.606413E-04 4.504571E-04 4.400758E-04 4.317338E-04 4.219068E-04 4.386160E-04 4.504903E-04 4.342728E-04 4.106666E-04 3.740186E-04 3.861625E-04 3.617125E-04 3.633486E-04 3.423058E-04 3.457599E-04 2.976409E-04 2.874656E-04 2.754715E-04 2.726951E-04 2.587699E-04 2.708558E-04 2.671491E-04 2.757615E-04 2.425119E-04 2.166956E-04 2.339553E-04
 2.510734E-04 2.413569E-04 2.559292E-04 2.756812E-04 2.828853E-04 2.832161E-04 2.936111E-04 2.796674E-04 2.819517E-04 2.978050E-04 3.185544E-04 3.225158E-04 3.311674E-04 3.576744E-04 3.808234E-04 3.791974E-04 3.977877E-04 4.230480E-04 4.245873E-04 3.993829E-04 4.033578E-04 4.449612E-04 4.286885E-04 4.630601E-04 4.553886E-04 4.291578E-04 4.177842E-04 4.546422E-04 4.444776E-04 4.462456E-04 4.548740E-04 4.145815E-04 4.241447E-04 4.163676E-04 3.890710E-04 3.761266E-04 3.738213E-04 3.382157E-04 3.197616E-04 3.189028E-04 2.962170E-04 2.826866E-04 2.633876E-04 2.775434E-04 2.740671E-04 2.890691E-04 2.515913E-04 2.497837E-04 2.473935E-04 2.618100E-04
 2.285534E-04 2.492317E-04 2.548166E-04 2.802030E-04 2.946825E-04 2.970401E-04 2.926930E-04 2.775149E-04 2.929042E-04 2.931704E-04 3.199054E-04 3.422257E-04 3.203321E-04 3.512434E-04 3.859778E-04 4.060567E-04 4.168911E-04 4.371699E-04 4.472859E-04 4.185780E-04 4.478749E-04 4.388067E-04 4.372964E-04 4.792717E-04 4.572022E-04 4.606711E-04 4.570825E-04 4.385333E-04 4.415999E-04 4.470121E-04 4.563195E-04 4.426182E-04 4.300283E-04 4.283938E-04 4.039165E-04 3.702175E-04 4.259337E-04 3.590757E-04 3.652589E-04 3.242039E-04 3.014061E-04 2.769719E-04 2.846437E-04 3.016889E-04 2.971873E-04 2.681661E-04 2.687501E-04 2.793622E-04 2.799032E-04 2.724383E-04
 2.491906E-04 2.613808E-04 2.732999E-04 2.956686E-04 2.961082E-04 3.052242E-04 3.105409E-04 2.990355E-04 2.944622E-04 3.283095E-04 3.670779E-04 3.711350E-04 3.522931E-04 3.665512E-04 3.994226E-04 4.191858E-04 4.422396E-04 4.521813E-04 4.793734E-04 4.574046E-04 4.456161E-04 4.450073E-04 4.916723E-04 4.762340E-04 4.713338E-04 4.651726E-04 4.618716E-04 4.760596E-04 4.969602E-04 5.174548E-04 4.931925E-04 4.618928E-04 4.597656E-04 4.428118E-04 4.291367E-04 4.172848E-04 4.328818E-04 3.884684E-04 3.757883E-04 3.422735E-04 3.345892E-04 3.210054E-04 2.958497E-04 2.841148E-04 2.911592E-04 2.940991E-04 3.086082E-04 2.824451E-04 2.722623E-04 2.635120E-04
 2.619898E-04 2.682783E-04 2.991620E-04 2.957709E-04 3.347724E-04 3.274564E-04 3.390866E-04 3.306250E-04 2.960020E-04 3.446779E-04 3.814158E-04 3.870741E-04 3.917930E-04 4.104162E-04 4.304169E-04 4.494626E-04 4.618270E-04 4.813300E-04 5.037973E-04 5.100944E-04 5.078190E-04 4.820045E-04 5.135835E-04 5.100166E-04 5.022504E-04 5.236940E-04 4.857372E-04 4.855509E-04 5.399503E-04 5.319729E-04 4.943641E-04 4.721743E-04 4.687313E-04 4.428247E-04 4.468054E-04 4.278367E-04 4.074511E-04 4.107691E-04 3.762863E-04 3.788231E-04 3.515676E-04 3.107478E-04 3.007849E-04 2.859471E-04 3.028003E-04 3.102073E-04 2.933646E-04 2.650984E-04 2.857587E-04 2.682724E-04
 2.935252E-04 3.080315E-04 2.772721E-04 2.926113E-04 3.304842E-04 3.320476E-04 3.272998E-04 3.280764E-04 3.054928E-04 3.497098E-04 3.897433E-04 4.289072E-04 4.181991E-04 4.099804E-04 4.395173E-04 4.519967E-04 4.573619E-04 4.742615E-04 4.772651E-04 4.909117E-04 4.846691E-04 5.104256E-04 5.552502E-04 5.278373E-04 5.051269E-04 5.196509E-04 5.161172E-04 5.079041E-04 5.346365E-04 5.299938E-04 5.062368E-04 4.896737E-04 4.863860E-04 4.821481E-04 4.705214E-04 4.494845E-04 4.418709E-04 4.384490E-04 4.119041E-04 3.936416E-04 3.528080E-04 3.458335E-04 3.156008E-04 3.128169E-04 3.025734E-04 3.039220E-04 3.101879E-04 3.089621E-04 2.921872E-04 2.499296E-04
 2.796994E-04 2.962171E-04 3.237697E-04 3.192866E-04 3.562863E-04 3.492675E-04 3.341742E-04 3.375691E-04 3.420752E-04 3.704423E-04 3.983969E-04 4.189347E-04 4.440683E-04 4.321462E-04 4.869930E-04 4.780161E-04 5.138499E-04 5.109107E-04 5.252079E-04 5.297805E-04 5.091331E-04 5.398160E-04 5.507364E-04 5.470636E-04 5.325679E-04 5.574149E-04 5.800487E-04 5.343504E-04 5.362516E-04 5.388361E-04 5.191013E-04 5.290516E-04 4.946776E-04 4.832510E-04 4.694807E-04 4.835533E-04 4.618818E-04 4.469920E-04 4.029940E-04 4.116332E-04 3.666258E-04 3.475545E-04 3.367534E-04 3.582784E-04 3.595144E-04 3.371048E-04 3.241210E-04 3.058095E-04 2.989935E-04 2.815573E-04
 2.817225E-04 3.017844E-04 3.225075E-04 3.505951E-04 3.448522E-04 3.409444E-04 3.620055E-04 3.514372E-04 3.430363E-04 3.858136E-04 4.003157E-04 4.238941E-04 4.187367E-04 4.186263E-04 4.626737E-04 4.753240E-04 4.832592E-04 5.487394E-04 5.133617E-04 5.339955E-04 5.664823E-04 5.997854E-04 5.778646E-04 5.492975E-04 5.551716E-04 5.747077E-04 5.314940E-04 5.453283E-04 5.351755E-04 5.532207E-04 5.871665E-04 5.543294E-04 5.309634E-04 5.354122E-04 5.000792E-04 4.958430E-04 4.784787E-04 4.472745E-04 4.274899E-04 4.071916E-04 3.993624E-04 3.529814E-04 3.734953E-04 3.472943E-04 3.557419E-04 3.420968E-04 3.203722E-04 3.255328E-04 3.019414E-04 2.862401E-04
 2.949628E-04 2.935412E-04 3.142876E-04 3.573701E-04 3.691332E-04 3.776115E-04 3.712020E-04 3.839742E-04 3.742728E-04 3.987400E-04 3.942840E-04 4.466786E-04 4.862527E-04 4.957923E-04 4.966516E-04 5.102624E-04 5.093610E-04 5.302470E-04 5.319404E-04 5.389940E-04 5.845930E-04 5.969254E-04 5.986519E-04 5.836421E-04 6.167238E-04 5.839203E-04 5.781033E-04 6.256751E-04 6.104608E-04 5.859723E-04 5.671073E-04 5.795815E-04 5.488895E-04 5.220881E-04 5.228883E-04 5.422263E-04 5.092659E-04 4.605660E-04 4.712050E-04 4.634263E-04 4.027714E-04 3.471489E-04 3.614871E-04 3.760733E-04 3.790520E-04 3.593640E-04 3.493947E-04 3.459110E-04 3.100879E-04 2.895111E-04
 3.088499E-04 3.231307E-04 3.312224E-04 3.363198E-04 3.727582E-04 3.809082E-04 3.788824E-04 3.848652E-04 3.923194E-04 4.214143E-04 4.317597E-04 4.560814E-04 4.781310E-04 5.274467E-04 5.307302E-04 5.318812E-04 5.676438E-04 5.707060E-04 6.042046E-04 6.023690E-04 5.684535E-04 5.921941E-04 5.963665E-04 6.064333E-04 6.254934E-04 5.886063E-04 5.945986E-04 6.148888E-04 6.064840E-04 6.100790E-04 5.572870E-04 5.440356E-04 5.583088E-04 5.743017E-04 5.398626E-04 5.392677E-04 5.532293E-04 5.022695E-04 4.626014E-04 4.424057E-04 4.211024E-04 3.902566E-04 3.764599E-04 3.975941E-04 3.705925E-04 3.887844E-04 3.673567E-04 3.240745E-04 3.201534E-04 3.343330E-04
 3.292048E-04 3.593160E-04 3.737547E-04 3.551532E-04 3.780777E-04 4.060236E-04 3.890430E-04 4.012747E-04 3.926119E-04 4.081889E-04 4.456910E-04 4.817622E-04 5.377278E-04 5.340249E-04 5.485720E-04 5.752303E-04 5.667573E-04 5.966959E-04 6.243585E-04 6.256309E-04 6.305329E-04 6.402658E-04 6.061544E-04 6.226077E-04 6.249955E-04 6.610499E-04 6.418484E-04 6.333108E-04 6.367901E-04 6.165938E-04 5.855696E-04 6.011575E-04 5.853762E-04 6.043198E-04 5.817835E-04 5.398684E-04 5.577782E-04 5.049305E-04 5.078208E-04 4.484823E-04 4.216040E-04 3.687851E-04 3.820541E-04 3.773862E-04 4.002072E-04 3.838994E-04 3.559626E-04 3.627431E-04 3.669249E-04 3.305156E-04
 3.519726E-04 3.549760E-04 3.773391E-04 3.824103E-04 3.972886E-04 4.295028E-04 4.146493E-04 4.187605E-04 4.459917E-04 4.878945E-04 4.561015E-04 4.937177E-04 5.332584E-04 5.438815E-04 5.769081E-04 6.042778E-04 6.011080E-04 6.231528E-04 6.618685E-04 6.476771E-04 6.689716E-04 6.733780E-04 6.856829E-04 6.740803E-04 6.365930E-04 6.689414E-04 6.790518E-04 6.778056E-04 6.653596E-04 6.591084E-04 6.323228E-04 6.146593E-04 6.262345E-04 6.357731E-04 6.070966E-04 6.080683E-04 5.629813E-04 5.583020E-04 5.057414E-04 5.006965E-04 4.553159E-04 4.115304E-04 4.070667E-04 3.948762E-04 4.061712E-04 3.779985E-04 3.899051E-04 3.748631E-04 3.565397E-04 3.364337E-04
 3.455236E-04 3.595486E-04 3.652470E-04 3.764188E-04 3.933046E-04 4.387164E-04 4.637202E-04 4.340838E-04 4.372567E-04 4.800799E-04 5.289309E-04 5.370646E-04 5.748712E-04 5.971639E-04 6.155348E-04 6.204798E-04 6.309061E-04 6.833374E-04 7.002966E-04 7.226696E-04 6.818277E-04 7.112499E-04 7.465826E-04 6.907118E-04 6.982931E-04 7.244809E-04 7.323615E-04 7.210861E-04 7.120249E-04 7.134775E-04 6.726103E-04 6.920497E-04 6.519354E-04 6.512520E-04 6.435732E-04 6.311732E-04 6.082336E-04 5.899975E-04 5.520411E-04 4.708967E-04 4.561647E-04 4.168641E-04 4.457195E-04 4.259676E-04 4.249583E-04 4.131740E-04 4.568110E-04 3.896978E-04 3.650970E-04 3.516647E-04
 3.962373E-04 3.984557E-04 4.312725E-04 4.552850E-04 4.767161E-04 4.715180E-04 4.793567E-04 5.062768E-04 5.015608E-04 5.302577E-04 5.373064E-04 5.753308E-04 6.282767E-04 6.368664E-04 6.879064E-04 6.953620E-04 6.967363E-04 7.370716E-04 7.828100E-04 7.400909E-04 7.847325E-04 7.702090E-04 7.872930E-04 7.694154E-04 7.736672E-04 7.883518E-04 7.938093E-04 7.761290E-04 7.650587E-04 7.454207E-04 7.413402E-04 7.602214E-04 7.190518E-04 6.633810E-04 7.127557E-04 6.764912E-04 6.411820E-04 5.770885E-04 5.848186E-04 5.896901E-04 5.146132E-04 4.506399E-04 4.749318E-04 5.017053E-04 4.601734E-04 4.249245E-04 4.526213E-04 4.046661E-04 3.885187E-04 3.867370E-04
 4.592592E-04 4.728458E-04 4.984673E-04 5.409071E-04 5.365382E-04 5.281704E-04 5.653468E-04 5.241476E-04 5.530614E-04 6.304828E-04 6.549770E-04 6.824863E-04 7.121971E-04 7.363376E-04 7.339120E-04 7.604225E-04 8.043039E-04 8.560894E-04 8.497267E-04 8.601259E-04 8.732394E-04 9.094350E-04 8.933856E-04 8.834462E-04 9.101162E-04 8.956020E-04 8.641916E-04 8.455816E-04 8.578092E-04 8.608381E-04 8.528244E-04 8.458655E-04 8.640423E-04 8.010858E-04 8.108996E-04 7.610766E-04 7.356317E-04 6.834266E-04 6.375541E-04 6.220079E-04 5.696683E-04 5.629354E-04 5.755318E-04 5.895218E-04 5.395312E-04 5.491100E-04 5.435330E-04 5.196647E-04 5.029305E-04 4.623699E-04
 7.220485E-04 7.299683E-04 7.177532E-04 7.479047E-04 7.917432E-04 7.791713E-04 8.451358E-04 8.130775E-04 7.370996E-04 7.983758E-04 8.376928E-04 8.998828E-04 9.671082E-04 9.459361E-04 9.962537E-04 9.771748E-04 9.807826E-04 1.033121E-03 1.103736E-03 1.060326E-03 1.016212E-03 1.031640E-03 1.043634E-03 1.053382E-03 1.046992E-03 1.063439E-03 1.133577E-03 1.037677E-03 1.098344E-03 1.052283E-03 1.047076E-03 1.061086E-03 1.090119E-03 1.034453E-03 1.009679E-03 9.889320E-04 9.574725E-04 9.196365E-04 8.525225E-04 8.161991E-04 8.298070E-04 7.367364E-04 7.255670E-04 7.504966E-04 7.622670E-04 7.204389E-04 7.417436E-04 6.851624E-04 6.900859E-04 7.142691E-04
 1.552802E-03 1.517402E-03 1.583711E-03 1.554702E-03 1.553668E-03 1.642132E-03 1.613921E-03 1.521664E-03 1.301466E-03 1.427098E-03 1.429893E-03 1.510651E-03 1.599967E-03 1.550653E-03 1.595876E-03 1.672090E-03 1.695327E-03 1.618311E-03 1.697804E-03 1.724015E-03 1.721260E-03 1.699337E-03 1.666770E-03 1.658118E-03 1.697728E-03 1.812746E-03 1.743569E-03 1.636403E-03 1.703024E-03 1.779351E-03 1.732873E-03 1.684936E-03 1.673336E-03 1.680078E-03 1.678889E-03 1.680164E-03 1.603246E-03 1.529299E-03 1.463367E-03 1.458271E-03 1.422379E-03 1.390781E-03 1.641519E-03 1.622251E-03 1.614307E-03 1.711182E-03 1.673418E-03 1.674310E-03 1.620875E-03 1.542274E-03
 1.511107E-03 1.561170E-03 1.602564E-03 1.617950E-03 1.619799E-03 1.591813E-03 1.644593E-03 1.576823E-03 1.340531E-03 1.439341E-03 1.499785E-03 1.530178E-03 1.599381E-03 1.548742E-03 1.641223E-03 1.653909E-03 1.601813E-03 1.721218E-03 1.618301E-03 1.701845E-03 1.802721E-03 1.624176E-03 1.635562E-03 1.719155E-03 1.636251E-03 1.749538E-03 1.732560E-03 1.690732E-03 1.691843E-03 1.687310E-03 1.617143E-03 1.623787E-03 1.705347E-03 1.641453E-03 1.539935E-03 1.626968E-03 1.636741E-03 1.483829E-03 1.427560E-03 1.462720E-03 1.344521E-03 1.314270E-03 1.631278E-03 1.719071E-03 1.639678E-03 1.578597E-03 1.620659E-03 1.652498E-03 1.602621E-03 1.532941E-03
 6.832107E-04 6.871958E-04 7.248402E-04 7.509252E-04 7.515220E-04 7.891352E-04 7.919395E-04 7.597617E-04 7.348481E-04 8.071330E-04 8.578228E-04 8.981933E-04 8.821595E-04 9.533667E-04 9.871479E-04 9.482975E-04 9.693782E-04 1.019829E-03 1.002537E-03 1.041525E-03 1.087753E-03 1.052667E-03 1.090447E-03 1.111454E-03 1.168196E-03 1.084735E-03 1.035635E-03 1.066510E-03 1.025521E-03 1.022801E-03 1.080342E-03 1.005344E-03 9.729299E-04 9.888393E-04 9.730118E-04 9.085117E-04 9.498423E-04 9.071696E-04 8.411853E-04 8.442392E-04 7.990555E-04 7.975684E-04 7.838161E-04 8.092031E-04 8.064505E-04 7.809510E-04 7.017755E-04 6.711279E-04 6.721508E-04 6.306629E-04
 4.576947E-04 4.861018E-04 5.275297E-04 5.404898E-04 5.274737E-04 5.289596E-04 5.470322E-04 5.701116E-04 5.874321E-04 6.036884E-04 6.693654E-04 6.909596E-04 6.599523E-04 7.534156E-04 7.627770E-04 7.419614E-04 7.735055E-04 8.095895E-04 7.787594E-04 8.644963E-04 8.740738E-04 8.816552E-04 8.811884E-04 8.433087E-04 8.419307E-04 9.055579E-04 8.443470E-04 8.135960E-04 8.632401E-04 8.752395E-04 8.652520E-04 8.339127E-04 7.993989E-04 8.034109E-04 7.867520E-04 7.645111E-04 7.490982E-04 7.370921E-04 6.904703E-04 6.417265E-04 6.146765E-04 5.539758E-04 6.070103E-04 6.086368E-04 5.579087E-04 5.624828E-04 5.140978E-04 4.771317E-04 4.401626E-04 4.489817E-04
 3.681126E-04 3.953751E-04 3.992007E-04 4.374030E-04 4.478694E-04 4.534599E-04 4.916198E-04 4.981849E-04 4.738555E-04 5.051080E-04 5.808209E-04 6.124979E-04 6.391916E-04 6.655246E-04 6.674241E-04 6.747193E-04 6.834963E-04 7.095241E-04 7.550727E-04 7.435006E-04 7.702517E-04 7.826760E-04 7.633313E-04 7.942242E-04 7.700418E-04 7.527651E-04 7.580414E-04 7.916681E-04 7.658808E-04 7.888058E-04 7.826040E-04 7.513070E-04 7.469778E-04 7.389949E-04 7.214931E-04 6.992101E-04 6.580289E-04 6.498600E-04 6.276052E-04 5.548474E-04 5.046341E-04 4.901243E-04 5.281433E-04 5.284184E-04 5.011681E-04 4.498473E-04 4.526038E-04 4.353857E-04 4.121209E-04 4.279499E-04
 3.791451E-04 3.865542E-04 3.954510E-04 4.120230E-04 4.249627E-04 4.684074E-04 4.545576E-04 4.283222E-04 4.271994E-04 4.745784E-04 5.393084E-04 5.661389E-04 5.748737E-04 6.084184E-04 6.451285E-04 6.472500E-04 6.623547E-04 6.737814E-04 7.118881E-04 6.940403E-04 7.137997E-04 7.334629E-04 7.243895E-04 7.608826E-04 7.184504E-04 6.965173E-04 6.945319E-04 6.945006E-04 7.210959E-04 7.465048E-04 7.156603E-04 6.933269E-04 7.044525E-04 6.485292E-04 6.684898E-04 6.232375E-04 5.627170E-04 5.748164E-04 5.725344E-04 5.584748E-04 4.960827E-04 4.485605E-04 5.013716E-04 4.514442E-04 4.324029E-04 4.365426E-04 4.260496E-04 3.956616E-04 3.768810E-04 3.589352E-04
 3.313867E-04 3.420906E-04 3.610061E-04 3.802968E-04 4.301731E-04 4.201632E-04 4.066682E-04 4.211745E-04 4.226498E-04 4.664123E-04 4.687144E-04 4.933432E-04 5.070889E-04 5.603997E-04 5.354540E-04 5.925340E-04 5.991796E-04 6.018218E-04 6.552706E-04 6.609382E-04 6.635801E-04 6.733652E-04 6.282491E-04 6.760287E-04 6.613644E-04 6.818774E-04 7.064187E-04 6.649868E-04 6.618891E-04 6.632096E-04 6.732303E-04 6.560325E-04 6.350716E-04 5.886241E-04 5.799450E-04 6.148612E-04 5.744906E-04 5.337845E-04 5.233266E-04 4.898381E-04 4.699682E-04 4.416429E-04 4.417027E-04 4.498217E-04 4.130795E-04 4.195080E-04 3.981523E-04 3.521713E-04 3.404307E-04 3.532193E-04
 3.387693E-04 3.435672E-04 3.662161E-04 3.666535E-04 3.676901E-04 3.606324E-04 3.784219E-04 3.765920E-04 3.810793E-04 4.151123E-04 4.583018E-04 4.898086E-04 4.779658E-04 5.277252E-04 5.535531E-04 5.871044E-04 5.786441E-04 6.095979E-04 6.402465E-04 6.486581E-04 6.633237E-04 6.687114E-04 6.401772E-04 6.484205E-04 6.176445E-04 6.395722E-04 6.689904E-04 6.460455E-04 6.199238E-04 6.335455E-04 6.061181E-04 5.983196E-04 6.060789E-04 5.816979E-04 5.878197E-04 5.883950E-04 5.679184E-04 5.264189E-04 4.905213E-04 4.560477E-04 4.379862E-04 4.250087E-04 3.989105E-04 4.299446E-04 3.872270E-04 3.820321E-04 3.721969E-04 3.514221E-04 3.252005E-04 3.070938E-04
 3.262633E-04 3.337220E-04 3.307000E-04 3.824221E-04 3.499553E-04 3.571921E-04 3.655845E-04 3.728139E-04 3.964564E-04 4.187620E-04 4.387873E-04 4.680786E-04 4.940273E-04 5.317204E-04 5.293082E-04 5.585022E-04 5.679333E-04 5.807404E-04 6.089872E-04 5.818806E-04 6.029321E-04 6.258095E-04 6.487823E-04 6.170958E-04 6.545385E-04 6.398716E-04 6.369585E-04 5.847705E-04 6.024695E-04 5.873786E-04 5.775461E-04 5.630901E-04 5.850640E-04 5.874292E-04 5.468803E-04 5.035232E-04 5.215129E-04 4.778449E-04 4.664497E-04 4.339000E-04 3.936108E-04 3.530803E-04 3.825611E-04 3.928927E-04 3.794698E-04 3.611843E-04 3.580216E-04 3.390219E-04 3.243789E-04 3.199212E-04
 3.135314E-04 3.265486E-04 3.301268E-04 3.670511E-04 3.662198E-04 3.404756E-04 3.502278E-04 3.748087E-04 3.560064E-04 3.794077E-04 4.093608E-04 4.453973E-04 4.754141E-04 5.168899E-04 5.252488E-04 5.484505E-04 5.431636E-04 5.762854E-04 5.813941E-04 5.532130E-04 5.927881E-04 5.982564E-04 5.851793E-04 5.921295E-04 5.906829E-04 5.989216E-04 6.170660E-04 5.862551E-04 5.774373E-04 6.114970E-04 5.709751E-04 5.512936E-04 5.346100E-04 5.417988E-04 5.194329E-04 5.028624E-04 5.040395E-04 4.784814E-04 4.460668E-04 3.995924E-04 3.722304E-04 3.707389E-04 3.559512E-04 3.551906E-04 3.613368E-04 3.757623E-04 3.693421E-04 3.663507E-04 3.111473E-04 3.021573E-04
 3.018387E-04 3.019115E-04 3.408240E-04 3.614820E-04 3.507948E-04 3.454461E-04 3.655424E-04 3.385341E-04 3.376494E-04 3.885973E-04 4.175844E-04 4.441650E-04 4.587594E-04 4.901055E-04 4.863341E-04 5.014513E-04 5.042809E-04 5.439646E-04 5.349881E-04 5.480048E-04 6.047888E-04 5.670741E-04 5.982896E-04 5.955777E-04 6.046212E-04 6.019709E-04 5.837135E-04 5.927103E-04 5.652774E-04 5.701133E-04 5.216461E-04 5.593697E-04 5.498745E-04 5.142208E-04 5.094804E-04 4.754929E-04 4.544630E-04 4.593825E-04 4.232055E-04 4.298750E-04 3.736160E-04 3.609116E-04 3.594390E-04 3.192987E-04 3.392401E-04 3.609590E-04 3.452336E-04 3.231275E-04 2.899760E-04 2.859630E-04
 2.891796E-04 2.928955E-04 3.247534E-04 3.267463E-04 3.248288E-04 3.374952E-04 3.489419E-04 3.366436E-04 3.379287E-04 3.845468E-04 4.109704E-04 4.331346E-04 4.405533E-04 4.710680E-04 4.630378E-04 4.811558E-04 5.213994E-04 5.223839E-04 5.400545E-04 5.319466E-04 5.725631E-04 5.528285E-04 5.676556E-04 5.968385E-04 5.825706E-04 5.863280E-04 5.757348E-04 5.869408E-04 5.728320E-04 5.321116E-04 5.336338E-04 5.554159E-04 5.218837E-04 4.961365E-04 4.939683E-04 4.491141E-04 4.615960E-04 4.263283E-04 4.054012E-04 4.267623E-04 3.708295E-04 3.493289E-04 3.495650E-04 3.448967E-04 3.300208E-04 3.042151E-04 3.171870E-04 3.157216E-04 2.813637E-04 2.968724E-04
 2.648311E-04 2.714425E-04 2.766649E-04 3.131903E-04 2.987739E-04 3.233320E-04 3.214032E-04 3.159075E-04 3.266862E-04 4.013056E-04 3.763792E-04 4.133538E-04 4.286401E-04 4.184515E-04 4.477856E-04 4.408304E-04 4.821046E-04 4.530049E-04 5.126530E-04 5.226872E-04 5.430228E-04 5.497896E-04 5.280141E-04 5.600832E-04 5.308018E-04 5.618682E-04 5.647733E-04 5.597856E-04 5.699747E-04 5.357638E-04 5.488240E-04 5.229719E-04 4.920937E-04 4.780680E-04 4.615923E-04 4.503056E-04 4.381734E-04 4.131535E-04 3.781974E-04 3.635232E-04 3.617268E-04 3.236990E-04 3.155930E-04 3.199477E-04 3.377484E-04 3.212864E-04 3.157423E-04 3.312957E-04 3.054503E-04 2.554002E-04
 2.579825E-04 2.781020E-04 2.776790E-04 2.742257E-04 2.997748E-04 3.114905E-04 3.282956E-04 3.173795E-04 3.218264E-04 3.476204E-04 3.546307E-04 3.809800E-04 3.836638E-04 4.179850E-04 4.278386E-04 4.503115E-04 4.936239E-04 4.362569E-04 4.934859E-04 4.787991E-04 5.028051E-04 5.067130E-04 5.098742E-04 5.133208E-04 5.464583E-04 5.410762E-04 5.402411E-04 5.327387E-04 4.827976E-04 5.017302E-04 4.636410E-04 4.785231E-04 4.533814E-04 4.642325E-04 4.607642E-04 4.727542E-04 4.234048E-04 3.790784E-04 3.738317E-04 3.833624E-04 3.300557E-04 2.900098E-04 3.087123E-04 3.000638E-04 2.997185E-04 3.018780E-04 3.129284E-04 2.873431E-04 2.944789E-04 2.703016E-04
 2.651573E-04 2.646554E-04 2.622239E-04 2.714546E-04 2.731316E-04 2.824414E-04 2.972459E-04 2.976387E-04 3.178913E-04 3.268090E-04 3.490986E-04 3.562571E-04 4.107236E-04 3.774495E-04 4.204495E-04 4.464402E-04 4.482324E-04 4.242132E-04 4.568073E-04 4.877239E-04 4.714914E-04 4.625076E-04 4.780328E-04 5.070788E-04 4.802300E-04 4.804132E-04 4.772209E-04 4.839317E-04 4.881893E-04 4.753738E-04 4.414531E-04 4.218621E-04 4.347038E-04 4.216073E-04 4.525072E-04 4.269416E-04 4.265081E-04 4.061653E-04 3.617894E-04 3.416841E-04 3.127094E-04 2.938293E-04 2.858863E-04 3.032950E-04 2.983743E-04 2.907281E-04 2.728982E-04 2.843509E-04 2.697136E-04 2.626893E-04
 2.494351E-04 2.442907E-04 2.754565E-04 2.914117E-04 2.723057E-04 2.713457E-04 2.794516E-04 2.974272E-04 3.089206E-04 3.175159E-04 3.456225E-04 3.638795E-04 3.806937E-04 3.979914E-04 4.018449E-04 4.090327E-04 4.266608E-04 4.363590E-04 4.415426E-04 4.181264E-04 4.391315E-04 4.410556E-04 4.405595E-04 4.587458E-04 4.562350E-04 4.498685E-04 4.506904E-04 4.479211E-04 4.600559E-04 4.554101E-04 4.541759E-04 4.002337E-04 4.237849E-04 4.207539E-04 3.853191E-04 3.955637E-04 4.063762E-04 3.723797E-04 3.591149E-04 3.156416E-04 2.938746E-04 2.880018E-04 2.889900E-04 2.878430E-04 3.033773E-04 2.833052E-04 2.566455E-04 2.668723E-04 2.778961E-04 2.687293E-04
 2.361252E-04 2.483685E-04 2.383711E-04 2.639179E-04 2.605046E-04 2.648776E-04 2.616625E-04 2.869715E-04 2.727343E-04 3.254258E-04 3.393384E-04 3.498374E-04 3.597515E-04 3.947837E-04 4.031184E-04 3.771172E-04 4.094897E-04 4.686964E-04 4.494515E-04 4.177318E-04 4.385040E-04 4.312637E-04 4.349964E-04 4.165752E-04 4.229610E-04 4.559925E-04 4.475277E-04 4.458923E-04 4.415203E-04 4.438822E-04 4.285531E-04 3.991913E-04 4.078001E-04 4.034770E-04 4.079170E-04 3.815968E-04 3.663681E-04 3.808502E-04 3.489075E-04 3.340178E-04 2.906906E-04 2.559738E-04 2.999074E-04 2.962491E-04 2.803502E-04 2.874912E-04 2.602546E-04 2.611283E-04 2.657701E-04 2.588731E-04
 2.279214E-04 2.420923E-04 2.296073E-04 2.518114E-04 2.419201E-04 2.410898E-04 2.437042E-04 2.696938E-04 2.726545E-04 2.926092E-04 3.269799E-04 3.123725E-04 3.273672E-04 3.631627E-04 3.510441E-04 3.562204E-04 3.911506E-04 4.297682E-04 3.985476E-04 4.085310E-04 4.223291E-04 4.136190E-04 4.279261E-04 4.048499E-04 4.190873E-04 4.149394E-04 4.333281E-04 4.447999E-04 4.362239E-04 4.556881E-04 4.423138E-04 3.850212E-04 3.605768E-04 4.032987E-04 3.840637E-04 3.710225E-04 3.438955E-04 3.338234E-04 3.077564E-04 3.054650E-04 2.687580E-04 2.510806E-04 2.428725E-04 2.902833E-04 2.695455E-04 2.872010E-04 2.679335E-04 2.500586E-04 2.182255E-04 2.164219E-04
 2.232631E-04 2.119442E-04 2.108424E-04 2.362091E-04 2.438082E-04 2.469317E-04 2.572435E-04 2.417179E-04 2.549003E-04 2.617198E-04 3.036514E-04 3.141864E-04 3.191207E-04 3.217421E-04 3.469144E-04 3.363452E-04 3.889078E-04 3.916982E-04 3.742071E-04 3.872345E-04 3.991456E-04 4.011358E-04 4.218495E-04 3.954638E-04 3.928163E-04 3.914225E-04 3.879143E-04 4.083803E-04 3.838941E-04 4.040859E-04 3.799208E-04 3.852454E-04 3.741783E-04 3.543300E-04 3.623036E-04 3.352231E-04 3.268919E-04 2.994696E-04 2.985707E-04 2.997242E-04 2.760862E-04 2.592295E-04 2.652293E-04 2.635418E-04 2.338512E-04 2.591389E-04 2.519597E-04 2.362419E-04 2.292145E-04 2.062877E-04
 2.066262E-04 2.316280E-04 2.408434E-04 2.211113E-04 2.348404E-04 2.409968E-04 2.386098E-04 2.400415E-04 2.420517E-04 2.585132E-04 2.760252E-04 2.926344E-04 3.295851E-04 3.229102E-04 3.493203E-04 3.616644E-04 3.749438E-04 3.847933E-04 3.528432E-04 3.506754E-04 3.571834E-04 3.827296E-04 3.632938E-04 3.812042E-04 3.791423E-04 3.608723E-04 3.718994E-04 3.735865E-04 3.791252E-04 3.616924E-04 3.623317E-04 4.006956E-04 3.771999E-04 3.688960E-04 3.491436E-04 3.211975E-04 3.080214E-04 3.067104E-04 2.755181E-04 2.621134E-04 2.516704E-04 2.247067E-04 2.643425E-04 2.617872E-04 2.384701E-04 2.333382E-04 2.179879E-04 2.155084E-04 2.015622E-04 2.031174E-04
 2.117904E-04 2.088174E-04 2.125120E-04 2.323562E-04 2.233033E-04 2.202676E-04 2.337206E-04 2.134997E-04 2.197981E-04 2.515472E-04 2.779124E-04 2.760212E-04 2.882565E-04 3.099145E-04 3.375652E-04 3.369319E-04 3.466618E-04 3.347030E-04 3.546537E-04 3.526042E-04 3.756443E-04 3.553100E-04 3.716410E-04 3.574334E-04 3.606297E-04 3.361377E-04 3.661206E-04 3.447030E-04 3.617563E-04 3.610806E-04 3.491055E-04 3.595068E-04 3.616822E-04 3.319722E-04 3.503007E-04 3.053694E-04 2.787468E-04 2.985486E-04 2.659799E-04 2.633036E-04 2.377590E-04 2.096132E-04 2.247659E-04 2.553265E-04 2.582444E-04 2.227500E-04 2.291729E-04 2.294836E-04 1.916820E-04 1.708756E-04
 1.825147E-04 2.042541E-04 2.338142E-04 1.979445E-04 2.113623E-04 2.322077E-04 2.127970E-04 2.069342E-04 2.050655E-04 2.216358E-04 2.242207E-04 2.469043E-04 2.494462E-04 2.542435E-04 2.924900E-04 2.808465E-04 3.374714E-04 3.025160E-04 3.071449E-04 3.201614E-04 3.363151E-04 3.286819E-04 3.421212E-04 3.268409E-04 3.662860E-04 3.337483E-04 3.487978E-04 3.155115E-04 3.226676E-04 3.123144E-04 3.068667E-04 2.974960E-04 3.109956E-04 2.879274E-04 3.162076E-04 2.992425E-04 2.952478E-04 2.659932E-04 2.564448E-04 2.363574E-04 2.410903E-04 2.198328E-04 2.199797E-04 2.457419E-04 2.299885E-04 2.138842E-04 2.168283E-04 2.263659E-04 2.085579E-04 1.809709E-04
 2.008199E-04 1.927877E-04 1.998736E-04 2.002164E-04 2.129381E-04 1.984780E-04 2.009102E-04 1.943179E-04 1.917253E-04 1.921809E-04 2.115465E-04 2.217743E-04 2.385957E-04 2.472185E-04 2.566541E-04 2.669824E-04 2.576985E-04 2.848397E-04 2.932329E-04 2.766004E-04 3.122203E-04 3.038318E-04 3.283036E-04 3.245530E-04 3.083038E-04 3.130967E-04 3.226541E-04 2.939256E-04 3.133516E-04 3.056998E-04 3.133151E-04 3.132677E-04 2.982318E-04 2.879526E-04 2.691478E-04 2.877869E-04 2.642599E-04 2.249592E-04 2.360991E-04 2.242864E-04 2.072230E-04 2.044284E-04 2.243381E-04 2.318863E-04 2.238943E-04 2.203234E-04 1.940391E-04 1.889045E-04 2.006237E-04 1.818424E-04
 1.703192E-04 1.800931E-04 1.790619E-04 1.992808E-04 1.857126E-04 1.678247E-04 1.835563E-04 1.880914E-04 1.864802E-04 1.956171E-04 2.169142E-04 2.159495E-04 2.238618E-04 2.104220E-04 2.650525E-04 2.325709E-04 2.362787E-04 2.689261E-04 2.731009E-04 2.394612E-04 2.809423E-04 2.823639E-04 2.863117E-04 2.795860E-04 3.115679E-04 2.988247E-04 2.871693E-04 2.774190E-04 2.877558E-04 2.710449E-04 2.717720E-04 2.745334E-04 2.733168E-04 2.435646E-04 2.380649E-04 2.548702E-04 2.412001E-04 2.199130E-04 2.178389E-04 2.286725E-04 1.832661E-04 1.774508E-04 2.010239E-04 1.980123E-04 2.154565E-04 2.198377E-04 1.969020E-04 1.714453E-04 1.630702E-04 1.792210E-04
 1.596736E-04 1.618775E-04 1.739261E-04 1.663601E-04 1.626945E-04 1.728278E-04 1.844892E-04 1.753544E-04 1.668402E-04 1.943306E-04 1.940279E-04 1.990349E-04 2.017535E-04 2.090712E-04 2.249537E-04 2.375578E-04 2.585864E-04 2.382129E-04 2.385500E-04 2.464119E-04 2.548859E-04 2.626806E-04 2.415130E-04 2.510489E-04 2.631623E-04 2.600759E-04 2.329094E-04 2.496336E-04 2.444598E-04 2.531700E-04 2.676267E-04 2.348658E-04 2.612411E-04 2.333218E-04 2.229708E-04 2.192980E-04 2.129827E-04 2.217897E-04 1.965933E-04 1.732571E-04 1.682648E-04 1.484952E-04 1.731267E-04 1.903514E-04 1.861655E-04 1.902349E-04 1.923210E-04 1.711920E-04 1.648816E-04 1.639632E-04
 1.587826E-04 1.581496E-04 1.653623E-04 1.720896E-04 1.604767E-04 1.621732E-04 1.686494E-04 1.613512E-04 1.689003E-04 1.937224E-04 1.791388E-04 1.719459E-04 1.853004E-04 1.894009E-04 1.763421E-04 2.199746E-04 2.145168E-04 2.049757E-04 1.927202E-04 2.286479E-04 2.211907E-04 2.308127E-04 2.275288E-04 2.301769E-04 2.213191E-04 2.227589E-04 2.099339E-04 2.179812E-04 2.063894E-04 2.031959E-04 2.292244E-04 2.091349E-04 2.158302E-04 2.111155E-04 2.121822E-04 2.059017E-04 2.031385E-04 1.828193E-04 1.831360E-04 1.868387E-04 1.393014E-04 1.532526E-04 1.512979E-04 1.685783E-04 1.717870E-04 1.783716E-04 1.845493E-04 1.702944E-04 1.641572E-04 1.582721E-04
     0.060497     0.065280     0.065845     0.063785     0.065180     0.062983     0.064781     0.067941     0.065016     0.067136     0.059364     0.058052     0.058308     0.058238     0.059574     0.057540     0.053727     0.053516     0.055631     0.054826     0.055813     0.052006     0.055182     0.056565     0.057385     0.052382     0.053916     0.053793     0.053744     0.055632     0.056505     0.057460     0.056857     0.057725     0.060667     0.059783     0.057781     0.062967     0.060147     0.061265     0.062774     0.069203     0.065314     0.069164     0.068474     0.064399     0.061549     0.069165     0.065897     0.062685
     0.058937     0.059533     0.061230     0.062888     0.061946     0.061829     0.063718     0.063924     0.063735     0.068879     0.063351     0.058812     0.059217     0.055850     0.057248     0.052400     0.053785     0.050766     0.051780     0.051322     0.051902     0.049777     0.049749     0.052047     0.051506     0.051613     0.049418     0.048409     0.049279     0.049605     0.052539     0.052968     0.053515     0.051738     0.053326     0.056664     0.059144     0.055921     0.056783     0.055881     0.059306     0.064988     0.061956     0.062668     0.060738     0.061226     0.061568     0.065168     0.061069     0.060979
     0.057967     0.058504     0.062823     0.060796     0.058572     0.058700     0.058812     0.062513     0.058534     0.060132     0.061053     0.060341     0.055140     0.053670     0.052885     0.051646     0.051070     0.049286     0.049693     0.049199     0.048070     0.047708     0.046032     0.046162     0.046826     0.046479     0.046606     0.044246     0.045766     0.049809     0.050217     0.047658     0.051023     0.049671     0.051239     0.050553     0.052082     0.052315     0.052565     0.055232     0.058620     0.058333     0.059654     0.059097     0.059612     0.059614     0.062052     0.062176     0.057666     0.058533
     0.054933     0.057131     0.055676     0.061740     0.057091     0.057808     0.056701     0.056998     0.057675     0.059905     0.054210     0.055492     0.052769     0.053939     0.049125     0.046513     0.049163     0.048440     0.046962     0.046628     0.045597     0.046333     0.044774     0.045116     0.044644     0.046205     0.044832     0.045237     0.044310     0.045131     0.045257     0.044217     0.047897     0.047470     0.047463     0.049389     0.048592     0.050210     0.055258     0.054060     0.054448     0.056276     0.056815     0.058910     0.057888     0.058234     0.061696     0.056228     0.059190     0.060402
     0.057134     0.057228     0.058751     0.055830     0.056338     0.054903     0.056508     0.055044     0.056705     0.054611     0.052726     0.053400     0.052605     0.047656     0.048059     0.048383     0.046411     0.045227     0.045507     0.046046     0.045200     0.043465     0.042782     0.043202     0.042410     0.044650     0.044099     0.044064     0.043879     0.043280     0.043961     0.044657     0.046397     0.047270     0.046184     0.048749     0.047219     0.049567     0.050231     0.056403     0.053049     0.056513     0.058284     0.055186     0.058035     0.054584     0.056813     0.058877     0.055086     0.056087
     0.053491     0.054447     0.054260     0.053445     0.056113     0.051838     0.053909     0.058959     0.051889     0.056097     0.050366     0.051579     0.047348     0.046464     0.046300     0.045669     0.042643     0.042617     0.044065     0.041464     0.043675     0.042968     0.042652     0.042084     0.041926     0.042095     0.042913     0.043017     0.040555     0.041380     0.041904     0.041362     0.043915     0.046171     0.042252     0.046316     0.045951     0.045970     0.049586     0.051552     0.051005     0.053348     0.052983     0.053139     0.055598     0.056093     0.054937     0.055187     0.052847     0.056678
     0.055918     0.050591     0.052907     0.050820     0.049927     0.051543     0.055763     0.054518     0.053453     0.049145     0.052445     0.048282     0.048091     0.046688     0.042964     0.042305     0.041466     0.040066     0.040852     0.042291     0.040196     0.041675     0.040438     0.039863     0.039391     0.040532     0.040275     0.040167     0.040366     0.039465     0.041185     0.042398     0.043891     0.041839     0.044369     0.043310     0.043945     0.047943     0.047415     0.051715     0.047345     0.049656     0.054193     0.052168     0.051811     0.053036     0.052826     0.053560     0.052875     0.053948
     0.055042     0.051845     0.051352     0.050595     0.050596     0.052534     0.048738     0.055425     0.051100     0.047418     0.045787     0.045642     0.045346     0.044848     0.044453     0.041515     0.042827     0.041527     0.043175     0.040017     0.039973     0.039918     0.040252     0.041073     0.039191     0.040086     0.037923     0.038987     0.037948     0.038867     0.040175     0.040815     0.041637     0.040620     0.042233     0.041546     0.042550     0.046711     0.045014     0.047703     0.049661     0.048995     0.049440     0.053958     0.054674     0.050651     0.052597     0.051320     0.054846     0.054204
     0.053802     0.049718     0.053933     0.049701     0.049247     0.048250     0.050740     0.049245     0.051371     0.049693     0.048393     0.044508     0.043079     0.043880     0.042387     0.041787     0.042150     0.040357     0.040287     0.038370     0.039848     0.039622     0.038497     0.037623     0.039021     0.040298     0.037330     0.039243     0.038425     0.037239     0.036863     0.036702     0.037023     0.040286     0.041839     0.041026     0.042986     0.043377     0.047478     0.045608     0.047547     0.050737     0.048539     0.051015     0.051383     0.047922     0.049980     0.051599     0.050349     0.051895
     0.050360     0.048861     0.049881     0.048222     0.046954     0.048744     0.050349     0.047705     0.046771     0.047933     0.046519     0.045632     0.042783     0.042649     0.043048     0.039286     0.039123     0.039727     0.041261     0.038102     0.039650     0.036863     0.036901     0.037366     0.036257     0.037545     0.036444     0.038118     0.039248     0.038845     0.036970     0.036559     0.038541     0.040088     0.040221     0.040929     0.040166     0.040987     0.041629     0.045234     0.046949     0.049184     0.048944     0.050808     0.050175     0.049982     0.049601     0.052465     0.050446     0.049797
     0.048972     0.048752     0.048431     0.049812     0.049003     0.048083     0.048756     0.050337     0.046169     0.043626     0.046742     0.044847     0.042474     0.040960     0.039522     0.037390     0.038193     0.037410     0.037496     0.037288     0.036836     0.037232     0.037072     0.040143     0.038856     0.037126     0.037752     0.036145     0.038088     0.037856     0.038215     0.040229     0.038259     0.036950     0.039767     0.038958     0.040570     0.041916     0.042708     0.042066     0.044390     0.045873     0.047575     0.046320     0.048362     0.046905     0.049897     0.049553     0.048917     0.050383
     0.046875     0.045725     0.047537     0.047016     0.050159     0.048805     0.047187     0.046217     0.047604     0.043785     0.042475     0.041925     0.041984     0.040283     0.038837     0.038821     0.038723     0.038746     0.037874     0.035382     0.036173     0.036513     0.037364     0.037842     0.036275     0.037675     0.036722     0.036322     0.036889     0.037835     0.036179     0.036280     0.038419     0.038300     0.036018     0.040498     0.042138     0.040777     0.040759     0.041237     0.044122     0.045602     0.046930     0.045966     0.046757     0.046269     0.048244     0.047823     0.049057     0.047483
     0.049350     0.045722     0.046704     0.046538     0.045908     0.046827     0.046355     0.046753     0.045777     0.045001     0.040207     0.038548     0.039669     0.039608     0.039955     0.039294     0.037588     0.038204     0.036387     0.037255     0.036820     0.038103     0.035978     0.034593     0.036547     0.035841     0.034460     0.035819     0.037378     0.035077     0.036365     0.037981     0.037583     0.036936     0.037128     0.036467     0.037815     0.038691     0.040014     0.042131     0.044507     0.046676     0.046642     0.044625     0.048995     0.045818     0.044737     0.048410     0.048412     0.048501
     0.043272     0.046083     0.045929     0.047679     0.045632     0.044563     0.044124     0.043019     0.042751     0.045464     0.041744     0.041208     0.039299     0.038070     0.037362     0.037295     0.035941     0.035689     0.034988     0.035465     0.034712     0.034022     0.034700     0.035356     0.035245     0.036620     0.034613     0.036662     0.036536     0.035228     0.037131     0.034743     0.035479     0.036498     0.038323     0.037809     0.038447     0.038502     0.039481     0.040233     0.039540     0.044527     0.044916     0.046992     0.045569     0.044257     0.044039     0.044506     0.045665     0.046841
     0.044920     0.045012     0.044868     0.044514     0.043076     0.042646     0.043814     0.042840     0.044697     0.040550     0.040940     0.036865     0.039560     0.036767     0.036798     0.035961     0.035646     0.034871     0.033910     0.034393     0.032344     0.034737     0.031600     0.033270     0.036009     0.033636     0.034540     0.034204     0.034625     0.035698     0.033950     0.035083     0.034499     0.035852     0.035737     0.037359     0.036355     0.036167     0.038638     0.041220     0.043106     0.044608     0.045826     0.044795     0.045204     0.047567     0.044527     0.045104     0.045561     0.047584
     0.046012     0.044779     0.043322     0.043292     0.042488     0.043652     0.046023     0.042963     0.043285     0.040102     0.040192     0.038601     0.036309     0.035893     0.035447     0.036443     0.034861     0.034771     0.034384     0.033775     0.033973     0.033273     0.033152     0.032325     0.033665     0.034074     0.033644     0.034329     0.032660     0.032246     0.037196     0.037455     0.033610     0.034684     0.035651     0.034216     0.035012     0.037902     0.037861     0.038804     0.042143     0.043069     0.046274     0.044503     0.042452     0.042584     0.045428     0.043781     0.044696     0.043378
     0.044662     0.043794     0.042257     0.042543     0.042425     0.042249     0.042682     0.043763     0.040456     0.040059     0.037876     0.038377     0.038335     0.036476     0.036990     0.036008     0.035513     0.034880     0.032451     0.032155     0.033372     0.033927     0.032749     0.031619     0.033278     0.034293     0.032899     0.033216     0.035182     0.033182     0.031825     0.033170     0.032874     0.033607     0.034010     0.037249     0.036633     0.037212     0.036637     0.037324     0.040190     0.043614     0.041762     0.044460     0.043963     0.042661     0.042304     0.043363     0.044476     0.041719
     0.043405     0.044355     0.044024     0.043619     0.042145     0.042447     0.041284     0.041048     0.042625     0.040713     0.038316     0.038412     0.035897     0.035314     0.033947     0.033605     0.035766     0.035772     0.032568     0.034024     0.033997     0.032545     0.032603     0.033721     0.033313     0.030816     0.031717     0.032215     0.034127     0.033210     0.033897     0.032625     0.033953     0.032907     0.032941     0.035009     0.035315     0.036075     0.037031     0.036923     0.037316     0.039588     0.040450     0.042862     0.042656     0.041484     0.041164     0.042761     0.043843     0.044012
     0.042993     0.042549     0.043183     0.043017     0.042359     0.040264     0.041550     0.043562     0.039419     0.038488     0.038742     0.037264     0.037532     0.034207     0.034539     0.033896     0.032972     0.032575     0.032510     0.032040     0.031677     0.033447     0.032725     0.031523     0.031220     0.032321     0.031792     0.032001     0.031863     0.033331     0.032791     0.033553     0.034639     0.033920     0.032549     0.034208     0.036749     0.035215     0.036759     0.037108     0.038154     0.040923     0.041033     0.038965     0.040762     0.041429     0.040110     0.042230     0.042145     0.041732
     0.041419     0.041840     0.042665     0.042216     0.042459     0.041088     0.040760     0.042227     0.040356     0.038680     0.037465     0.036136     0.036879     0.033567     0.033466     0.032878     0.035027     0.031570     0.032421     0.031799     0.032348     0.030448     0.030520     0.031937     0.030919     0.031895     0.032232     0.029626     0.029204     0.031537     0.031805     0.030772     0.032737     0.033499     0.033819     0.033066     0.032870     0.036372     0.034155     0.036716     0.039532     0.040008     0.039788     0.041061     0.041225     0.042019     0.040005     0.042493     0.041708     0.043256
     0.042350     0.044390     0.044419     0.042556     0.041514     0.040076     0.040276     0.040084     0.038623     0.038357     0.037490     0.034035     0.035382     0.033973     0.033515     0.032331     0.031744     0.031218     0.030450     0.031093     0.030348     0.032271     0.031104     0.029865     0.031225     0.031841     0.032413     0.031775     0.030708     0.031434     0.032213     0.031740     0.031213     0.030176     0.031531     0.032847     0.032978     0.035603     0.035919     0.036114     0.037980     0.040683     0.040429     0.041211     0.042802     0.040687     0.043286     0.041765     0.042746     0.044025
     0.041400     0.044513     0.044623     0.041876     0.040987     0.041434     0.039837     0.038680     0.040422     0.038485     0.037106     0.034200     0.034067     0.033371     0.033085     0.033553     0.030630     0.031245     0.031927     0.031981     0.031452     0.031979     0.030402     0.031116     0.030032     0.032718     0.031117     0.030107     0.032954     0.032016     0.032941     0.032319     0.032646     0.032340     0.032363     0.032537     0.033631     0.032665     0.035407     0.035807     0.039627     0.039123     0.041654     0.040736     0.041160     0.042038     0.042078     0.043249     0.043609     0.043827
     0.041276     0.041103     0.041264     0.039820     0.039953     0.039795     0.039539     0.040045     0.037932     0.036741     0.035648     0.034740     0.033723     0.033283     0.032647     0.032273     0.033114     0.032812     0.032538     0.032115     0.032753     0.031616     0.031121     0.031757     0.033314     0.032208     0.031920     0.033613     0.031073     0.032601     0.032382     0.030765     0.031075     0.030523     0.032088     0.033391     0.034105     0.034678     0.035137     0.036375     0.038285     0.038843     0.040176     0.039957     0.040083     0.040683     0.041914     0.041052     0.042424     0.042163
     0.038441     0.038804     0.039318     0.038517     0.038557     0.038392     0.038287     0.038990     0.037250     0.036344     0.035886     0.033263     0.033716     0.033320     0.032878     0.032801     0.033119     0.031636     0.032300     0.032651     0.032677     0.033014     0.032858     0.033229     0.031449     0.033182     0.033180     0.033265     0.033228     0.033389     0.032209     0.031113     0.032633     0.031756     0.032775     0.033120     0.033570     0.034792     0.034703     0.036062     0.036680     0.037872     0.039850     0.039421     0.038401     0.038947     0.038597     0.038902     0.038793     0.038251
     0.029389     0.029871     0.029799     0.030216     0.030472     0.030708     0.031157     0.032296     0.032976     0.032038     0.031747     0.031174     0.030141     0.030812     0.030757     0.030595     0.031027     0.030991     0.031832     0.031603     0.032303     0.032673     0.032803     0.032643     0.033400     0.033338     0.032623     0.032714     0.032843     0.031919     0.032034     0.031450     0.030895     0.030636     0.030856     0.031173     0.031046     0.031241     0.032099     0.031581     0.031538     0.031886     0.031311     0.030935     0.030294     0.029872     0.029443     0.029053     0.028998     0.028849
     0.029594     0.029647     0.029699     0.029752     0.030139     0.031026     0.030657     0.032125     0.032789     0.031770     0.031489     0.031273     0.030531     0.031196     0.030642     0.031193     0.030982     0.031109     0.031874     0.032063     0.032242     0.033253     0.032954     0.032864     0.032770     0.032994     0.032398     0.033079     0.033221     0.032281     0.032867     0.031678     0.031281     0.031971     0.031396     0.031015     0.031511     0.030996     0.031625     0.031696     0.032610     0.032771     0.031233     0.030293     0.030270     0.030593     0.030055     0.029361     0.029518     0.029469
     0.039361     0.037707     0.039149     0.038201     0.039010     0.038126     0.038749     0.039227     0.037271     0.036156     0.034837     0.034067     0.033063     0.032421     0.033022     0.032083     0.032556     0.032634     0.033579     0.032065     0.032453     0.032349     0.032255     0.033233     0.033323     0.031763     0.032342     0.033088     0.034464     0.033813     0.034527     0.033233     0.032541     0.033301     0.033034     0.032628     0.034478     0.033411     0.033349     0.034873     0.035185     0.037620     0.038549     0.038414     0.038546     0.038181     0.039317     0.039941     0.039543     0.039257
     0.041617     0.040664     0.040424     0.040754     0.039515     0.039567     0.040846     0.041313     0.038541     0.036123     0.035026     0.035613     0.032359     0.034300     0.033421     0.032865     0.032564     0.031889     0.031397     0.032075     0.031769     0.033127     0.032776     0.030558     0.031459     0.032358     0.032037     0.031492     0.032573     0.033000     0.031741     0.031400     0.032671     0.033082     0.032598     0.033570     0.033092     0.034581     0.033725     0.035671     0.037055     0.037759     0.038960     0.039566     0.039479     0.039359     0.041069     0.041013     0.041325     0.041691
     0.041679     0.043498     0.040805     0.040614     0.041341     0.040217     0.040971     0.041033     0.039449     0.037849     0.035698     0.035758     0.034709     0.033256     0.032312     0.031427     0.031990     0.031486     0.032403     0.030884     0.030765     0.031169     0.031104     0.032942     0.030145     0.029052     0.031932     0.030680     0.031708     0.031299     0.032271     0.032428     0.032862     0.032469     0.031048     0.032058     0.032877     0.033209     0.033848     0.036904     0.037122     0.037449     0.039035     0.039741     0.040298     0.040911     0.041435     0.041624     0.040844     0.042397
     0.041775     0.042994     0.041888     0.042100     0.041061     0.040762     0.041952     0.040827     0.039260     0.039754     0.036410     0.035620     0.033821     0.032856     0.034772     0.032999     0.031363     0.032751     0.033338     0.031890     0.031120     0.033225     0.031347     0.031949     0.029756     0.029955     0.031903     0.030584     0.030913     0.032733     0.031842     0.032626     0.031396     0.032811     0.032703     0.032374     0.033191     0.032904     0.034161     0.036011     0.037675     0.038876     0.038633     0.040970     0.038967     0.039926     0.040840     0.041116     0.041490     0.042977
     0.042706     0.041870     0.042236     0.041893     0.042290     0.040014     0.042190     0.041810     0.038587     0.037722     0.038608     0.037319     0.033628     0.035066     0.031747     0.032979     0.032121     0.032933     0.034360     0.031075     0.032531     0.031736     0.030584     0.029949     0.030137     0.031216     0.032211     0.031725     0.029714     0.033258     0.032184     0.031910     0.032083     0.033548     0.032197     0.034351     0.035004     0.035596     0.035721     0.037903     0.038419     0.038326     0.039925     0.039681     0.040490     0.040693     0.044015     0.043797     0.044862     0.042333
     0.044483     0.041655     0.042135     0.042898     0.039621     0.040631     0.042754     0.042072     0.040953     0.039854     0.035920     0.034970     0.035928     0.034664     0.034311     0.033395     0.036093     0.031965     0.033690     0.033590     0.032267     0.032162     0.032340     0.032792     0.030523     0.030779     0.031617     0.031498     0.031799     0.031543     0.031045     0.031115     0.033786     0.032449     0.035592     0.034316     0.035507     0.037210     0.037190     0.038865     0.039207     0.041652     0.041334     0.040155     0.043037     0.041698     0.040655     0.041833     0.043728     0.043549
     0.041975     0.043892     0.040962     0.042641     0.043035     0.041847     0.042995     0.042856     0.042390     0.039262     0.037929     0.036831     0.035972     0.036193     0.032747     0.033484     0.034374     0.033059     0.032964     0.031633     0.031029     0.032428     0.033246     0.030439     0.032112     0.031571     0.033042     0.030403     0.035125     0.033668     0.033668     0.033417     0.033134     0.033252     0.033682     0.034879     0.036866     0.037894     0.040981     0.037476     0.041186     0.043301     0.042615     0.044207     0.043173     0.041864     0.041745     0.042234     0.043519     0.045132
     0.043274     0.042613     0.042051     0.043579     0.044097     0.042685     0.042403     0.043597     0.040550     0.039473     0.039545     0.037471     0.036716     0.035966     0.032985     0.034183     0.033885     0.033175     0.035104     0.032734     0.033479     0.033356     0.031334     0.033048     0.034317     0.032732     0.033131     0.032538     0.032565     0.033102     0.032843     0.033711     0.035428     0.037296     0.035091     0.037789     0.035418     0.038185     0.038773     0.037895     0.039902     0.044009     0.042355     0.043884     0.042521     0.041470     0.043757     0.044035     0.043840     0.046258
     0.046359     0.043124     0.043153     0.043436     0.042840     0.043490     0.043085     0.042755     0.041740     0.041115     0.039833     0.037033     0.036506     0.035673     0.036383     0.035645     0.034161     0.035254     0.033814     0.033419     0.035752     0.033398     0.032774     0.035712     0.033867     0.033852     0.032847     0.033066     0.032625     0.034715     0.034510     0.036819     0.035851     0.035604     0.035218     0.035784     0.034940     0.036345     0.037031     0.041676     0.041495     0.042713     0.043636     0.042858     0.042878     0.041866     0.040670     0.044303     0.044271     0.046236
     0.044599     0.046747     0.046024     0.043994     0.044785     0.043541     0.041637     0.045648     0.042664     0.040121     0.039208     0.039067     0.037402     0.038384     0.037239     0.036420     0.036630     0.035315     0.034324     0.036791     0.036537     0.034954     0.035243     0.033403     0.034088     0.034121     0.033051     0.034603     0.033004     0.034573     0.034603     0.035790     0.034926     0.034941     0.036251     0.035747     0.036538     0.037160     0.038845     0.041528     0.042919     0.042237     0.043869     0.043883     0.043268     0.042597     0.043363     0.044821     0.045731     0.048103
     0.046495     0.049066     0.048087     0.044529     0.046086     0.043985     0.046298     0.045844     0.046153     0.043445     0.041311     0.041149     0.039443     0.036955     0.038293     0.036372     0.036714     0.036923     0.034775     0.035660     0.035200     0.034208     0.033641     0.035571     0.032457     0.036556     0.035494     0.033874     0.034062     0.035094     0.034774     0.035302     0.036405     0.036306     0.038177     0.038595     0.035962     0.039822     0.041104     0.041340     0.043430     0.045391     0.046484     0.046593     0.045061     0.047026     0.046715     0.043629     0.045384     0.048884
     0.048642     0.045247     0.045116     0.044067     0.046137     0.045400     0.045743     0.046230     0.046412     0.044267     0.042357     0.041755     0.039630     0.038979     0.038086     0.036774     0.039901     0.036624     0.037623     0.034884     0.035781     0.035937     0.034709     0.032724     0.034187     0.035598     0.034771     0.035501     0.036403     0.037228     0.035967     0.036407     0.035305     0.035835     0.037118     0.040157     0.037231     0.041808     0.041785     0.041643     0.043333     0.044354     0.046445     0.047276     0.051555     0.045000     0.048235     0.046269     0.047404     0.044636
     0.047473     0.046608     0.047271     0.045721     0.050269     0.046494     0.049162     0.047007     0.047729     0.044621     0.044907     0.040966     0.041499     0.040789     0.037943     0.040033     0.037954     0.038112     0.038140     0.037523     0.037659     0.035839     0.036549     0.035805     0.037308     0.036128     0.035145     0.037360     0.037287     0.036870     0.036974     0.036928     0.037902     0.037598     0.039404     0.039047     0.038065     0.041060     0.042286     0.043100     0.043489     0.046055     0.050819     0.049286     0.047846     0.048654     0.048550     0.047784     0.045024     0.046984
     0.049375     0.049664     0.049509     0.048154     0.049111     0.048642     0.048864     0.048298     0.047003     0.045766     0.044030     0.042944     0.042564     0.042612     0.040026     0.038606     0.038385     0.040518     0.038586     0.036049     0.037648     0.036291     0.036895     0.038462     0.037732     0.038334     0.037413     0.037144     0.038848     0.036908     0.037879     0.037220     0.038389     0.038251     0.038598     0.039926     0.039453     0.044041     0.041732     0.043324     0.044014     0.048612     0.048121     0.048158     0.047720     0.047899     0.049378     0.049648     0.050577     0.050307
     0.049638     0.049240     0.047683     0.048413     0.049670     0.053198     0.048457     0.049760     0.049920     0.046927     0.044553     0.043932     0.043137     0.040742     0.041617     0.040595     0.040218     0.038475     0.036973     0.038786     0.040283     0.039175     0.039611     0.037867     0.038881     0.037251     0.037781     0.038391     0.037520     0.038491     0.038161     0.038627     0.041104     0.041554     0.038817     0.040981     0.041504     0.044351     0.046444     0.044059     0.045199     0.051709     0.049221     0.048817     0.050794     0.048633     0.049627     0.052047     0.050491     0.051224
     0.050199     0.052050     0.050295     0.054952     0.053670     0.049758     0.047969     0.052047     0.050341     0.047472     0.048611     0.042730     0.043886     0.042079     0.041634     0.040742     0.040123     0.040229     0.040663     0.040965     0.040264     0.038152     0.039177     0.038758     0.040374     0.039326     0.038996     0.039354     0.037904     0.040483     0.040926     0.038390     0.041006     0.041841     0.043171     0.043625     0.043347     0.044336     0.045136     0.048703     0.048676     0.055695     0.050024     0.052410     0.051175     0.052075     0.050947     0.050990     0.051315     0.053292
     0.055064     0.053749     0.053545     0.055020     0.050189     0.052119     0.053104     0.050890     0.052286     0.046744     0.048176     0.048456     0.043654     0.042669     0.041027     0.040136     0.039962     0.040452     0.040114     0.041674     0.039931     0.038895     0.040262     0.038987     0.040681     0.041603     0.040566     0.039803     0.040208     0.041101     0.040102     0.041617     0.042753     0.040532     0.042000     0.042425     0.045069     0.044285     0.046880     0.050580     0.047089     0.052229     0.051052     0.048963     0.052893     0.051738     0.052262     0.052016     0.055249     0.052442
     0.052544     0.054612     0.056040     0.055810     0.053997     0.051832     0.051055     0.052416     0.055296     0.050222     0.051563     0.046326     0.046895     0.043578     0.043392     0.042060     0.042725     0.042251     0.041249     0.040918     0.040092     0.039928     0.040965     0.040637     0.041078     0.041155     0.042036     0.041004     0.042916     0.043136     0.040936     0.041585     0.042188     0.042846     0.043377     0.044871     0.043660     0.047182     0.048116     0.047623     0.049771     0.053456     0.049671     0.049394     0.053015     0.056869     0.052745     0.057315     0.055300     0.056466
     0.056194     0.060597     0.053392     0.053249     0.053222     0.056125     0.057304     0.052560     0.054405     0.049911     0.050753     0.048594     0.047503     0.045268     0.046791     0.046198     0.045602     0.043510     0.041920     0.042419     0.042624     0.041559     0.042736     0.042060     0.043326     0.042352     0.043450     0.043029     0.042607     0.041977     0.042253     0.044372     0.044164     0.042489     0.046089     0.047313     0.048166     0.047698     0.048816     0.050398     0.050705     0.051424     0.053996     0.051058     0.053412     0.051135     0.051456     0.055759     0.056942     0.056892
     0.056496     0.058161     0.056465     0.056335     0.054110     0.057666     0.056045     0.060359     0.053755     0.056853     0.052888     0.051006     0.051369     0.048230     0.050705     0.046878     0.046777     0.047257     0.045526     0.044515     0.045399     0.045282     0.047123     0.043141     0.044018     0.043110     0.042696     0.043641     0.044193     0.045107     0.044642     0.043906     0.047108     0.047684     0.048478     0.046577     0.046318     0.047186     0.050166     0.051889     0.053016     0.053671     0.059361     0.058161     0.056275     0.054473     0.054250     0.053909     0.057193     0.056797
     0.061007     0.055393     0.058082     0.057475     0.058070     0.060308     0.057491     0.060673     0.057494     0.060972     0.054372     0.053438     0.052081     0.051201     0.052429     0.051254     0.050978     0.049644     0.047721     0.046497     0.046603     0.047303     0.043791     0.044644     0.043602     0.047527     0.044073     0.045366     0.043809     0.046417     0.045616     0.046776     0.047702     0.048502     0.050179     0.050835     0.051897     0.050449     0.055387     0.053943     0.060284     0.057806     0.057093     0.057457     0.057517     0.054772     0.055518     0.055813     0.053838     0.056180
     0.058958     0.058662     0.057901     0.060234     0.062220     0.062261     0.064876     0.062272     0.063453     0.063409     0.056858     0.057903     0.054061     0.053379     0.051107     0.052149     0.052755     0.049262     0.046762     0.047417     0.049456     0.048537     0.046887     0.045145     0.046812     0.046656     0.046975     0.047201     0.045936     0.047727     0.050345     0.049901     0.050226     0.049460     0.048993     0.054443     0.053096     0.054327     0.053898     0.056996     0.062828     0.064132     0.062661     0.056432     0.057150     0.056009     0.057767     0.058509     0.059350     0.057990
     0.062139     0.063411     0.062826     0.062092     0.061608     0.063582     0.063510     0.067300     0.061852     0.060088     0.057565     0.058724     0.057514     0.055466     0.053902     0.052559     0.050797     0.052692     0.049460     0.049949     0.050899     0.049933     0.049473     0.050213     0.051773     0.051488     0.051746     0.051275     0.049868     0.052193     0.052801     0.051290     0.054775     0.054855     0.055246     0.055933     0.057177     0.057944     0.057543     0.061198     0.062255     0.065086     0.069626     0.061525     0.061952     0.059778     0.057259     0.058476     0.059965     0.059601
     0.060481     0.059781     0.061460     0.064759     0.065644     0.063918     0.069749     0.064033     0.061464     0.065250     0.066889     0.063169     0.059075     0.058915     0.060372     0.059444     0.054989     0.056690     0.056279     0.053697     0.056469     0.057198     0.054911     0.055564     0.055788     0.055054     0.054931     0.057091     0.056866     0.058211     0.055649     0.052853     0.057327     0.057742     0.059520     0.057512     0.058412     0.057087     0.063208     0.068664     0.064860     0.067603     0.067427     0.064799     0.064215     0.060570     0.062216     0.063399     0.060832     0.062308
