MCNP(X) Input File                                            07/26/19 10:53:47 
 1  mcnp      6                          05/08/13  10000000
     0
    10     1    51     2    51     1  2500     1  2500     1     0     0     0     0     0     0     0     0     0
  0.00000     0.100000E+37
     0
     0
 -3.00000     -2.88000     -2.76000     -2.64000     -2.52000     -2.40000     -2.28000     -2.16000     -2.04000     -1.92000     -1.80000     -1.68000     -1.56000     -1.44000     -1.32000     -1.20000     -1.08000     -.960000     -.840000     -.720000     -.600000     -.480000     -.360000     -.240000     -.120000     0.166533E-14 0.120000     0.240000     0.360000     0.480000     0.600000     0.720000     0.840000     0.960000      1.08000      1.20000      1.32000      1.44000      1.56000      1.68000      1.80000      1.92000      2.04000      2.16000      2.28000      2.40000      2.52000      2.64000      2.76000      2.88000      3.00000    
  20.0000      22.0000    
 -5.00000     -4.80000     -4.60000     -4.40000     -4.20000     -4.00000     -3.80000     -3.60000     -3.40000     -3.20000     -3.00000     -2.80000     -2.60000     -2.40000     -2.20000     -2.00000     -1.80000     -1.60000     -1.40000     -1.20000     -1.00000     -.800000     -.600000     -.400000     -.200000     0.216493E-14 0.200000     0.400000     0.600000     0.800000      1.00000      1.20000      1.40000      1.60000      1.80000      2.00000      2.20000      2.40000      2.60000      2.80000      3.00000      3.20000      3.40000      3.60000      3.80000      4.00000      4.20000      4.40000      4.60000      4.80000      5.00000    
 1.724122E-04 1.686748E-04 1.471171E-04 1.756993E-04 1.560556E-04 1.758373E-04 1.634536E-04 1.465256E-04 1.439747E-04 1.540987E-04 1.666815E-04 1.688252E-04 1.771978E-04 1.795105E-04 1.789000E-04 1.722361E-04 2.041740E-04 1.932756E-04 2.245539E-04 1.996478E-04 2.202721E-04 2.120965E-04 2.302636E-04 2.204533E-04 2.122598E-04 2.113105E-04 2.321164E-04 2.099738E-04 2.098136E-04 2.216622E-04 2.089776E-04 1.870418E-04 1.996517E-04 1.969105E-04 1.736508E-04 1.850228E-04 1.757750E-04 1.892595E-04 1.799839E-04 1.601797E-04 1.451267E-04 1.470320E-04 1.602547E-04 1.838254E-04 1.671139E-04 1.761147E-04 1.772927E-04 1.472002E-04 1.346938E-04 1.380177E-04
 1.684125E-04 1.801959E-04 1.668027E-04 1.667231E-04 1.924676E-04 1.766015E-04 1.746343E-04 1.682646E-04 1.715413E-04 1.611387E-04 1.926776E-04 1.782309E-04 2.062338E-04 1.971476E-04 1.986481E-04 2.075613E-04 2.202593E-04 2.431771E-04 2.474670E-04 2.565063E-04 2.521962E-04 2.466170E-04 2.499007E-04 2.367109E-04 2.569548E-04 2.580549E-04 2.630424E-04 2.695412E-04 2.561145E-04 2.413239E-04 2.319533E-04 2.132948E-04 2.363913E-04 2.256026E-04 2.287737E-04 2.245479E-04 1.984001E-04 2.139976E-04 2.072969E-04 2.061326E-04 1.759210E-04 1.695532E-04 1.819716E-04 1.685736E-04 1.661879E-04 1.658438E-04 1.699280E-04 1.600236E-04 1.499302E-04 1.487101E-04
 1.619320E-04 1.688986E-04 1.773023E-04 1.860451E-04 1.834490E-04 1.910926E-04 1.740015E-04 1.811548E-04 1.860472E-04 1.978055E-04 1.986346E-04 2.122679E-04 2.247818E-04 2.459319E-04 2.375749E-04 2.367805E-04 2.379346E-04 2.501363E-04 2.572957E-04 2.623206E-04 2.819737E-04 2.938918E-04 2.802580E-04 2.817402E-04 2.900751E-04 2.766895E-04 2.764913E-04 2.744523E-04 2.962974E-04 2.936550E-04 2.649947E-04 2.546092E-04 2.587335E-04 2.576210E-04 2.588361E-04 2.415816E-04 2.320159E-04 2.109677E-04 2.268659E-04 2.156230E-04 2.093691E-04 1.881630E-04 1.877543E-04 1.819507E-04 1.753948E-04 1.765545E-04 1.715134E-04 1.730423E-04 1.782158E-04 1.712876E-04
 1.720564E-04 1.791735E-04 1.791015E-04 1.764380E-04 2.033845E-04 2.178275E-04 1.928039E-04 1.950949E-04 1.989224E-04 2.302853E-04 2.261692E-04 2.432155E-04 2.554709E-04 2.674165E-04 2.542242E-04 2.467004E-04 2.771301E-04 2.898144E-04 2.975662E-04 3.089340E-04 2.928283E-04 2.894286E-04 3.016158E-04 3.319422E-04 3.181915E-04 3.090463E-04 3.099657E-04 3.014319E-04 3.174301E-04 3.131791E-04 2.845677E-04 2.777196E-04 3.063073E-04 2.863239E-04 2.738732E-04 2.733316E-04 2.550774E-04 2.435560E-04 2.562349E-04 2.294805E-04 2.230744E-04 1.934601E-04 2.037758E-04 2.041182E-04 2.092540E-04 1.931079E-04 2.052958E-04 1.913528E-04 1.868298E-04 1.779812E-04
 1.994508E-04 2.012836E-04 2.056133E-04 1.891610E-04 2.189006E-04 2.231408E-04 2.212906E-04 1.955981E-04 1.968598E-04 2.201190E-04 2.223591E-04 2.498625E-04 2.588473E-04 2.773682E-04 2.990066E-04 2.862978E-04 2.736594E-04 2.830125E-04 2.923635E-04 3.133817E-04 2.986440E-04 3.070867E-04 3.191013E-04 3.574484E-04 3.483662E-04 3.254339E-04 3.216090E-04 3.183407E-04 3.260743E-04 3.082690E-04 3.143726E-04 3.193962E-04 3.172438E-04 3.046739E-04 2.752536E-04 3.000420E-04 2.804480E-04 2.618259E-04 2.359762E-04 2.456415E-04 2.185470E-04 2.169192E-04 2.239127E-04 2.108506E-04 2.177020E-04 2.003449E-04 2.072285E-04 2.119929E-04 1.957989E-04 1.959880E-04
 1.930921E-04 2.215043E-04 2.175642E-04 1.947634E-04 2.272364E-04 2.102812E-04 2.286819E-04 2.463162E-04 2.176936E-04 2.302600E-04 2.241674E-04 2.493004E-04 2.844090E-04 2.976237E-04 3.274190E-04 3.255372E-04 3.051062E-04 3.071345E-04 3.251933E-04 3.260867E-04 3.252268E-04 3.147158E-04 3.482551E-04 3.685000E-04 3.597706E-04 3.528908E-04 3.375944E-04 3.336693E-04 3.352201E-04 3.332748E-04 3.408625E-04 3.258218E-04 3.418687E-04 3.308836E-04 3.083594E-04 2.807044E-04 2.914349E-04 2.709969E-04 2.616792E-04 2.439039E-04 2.329927E-04 2.304414E-04 2.410576E-04 2.203707E-04 2.144688E-04 2.231440E-04 2.069932E-04 1.965318E-04 2.034498E-04 1.950361E-04
 2.100809E-04 2.066806E-04 2.200934E-04 2.160637E-04 2.316058E-04 2.348149E-04 2.381971E-04 2.515806E-04 2.408246E-04 2.425258E-04 2.660938E-04 2.577022E-04 2.964844E-04 3.001842E-04 3.071422E-04 3.263215E-04 3.514114E-04 3.433773E-04 3.641704E-04 3.889702E-04 3.683844E-04 3.344113E-04 3.454528E-04 3.772732E-04 3.957881E-04 3.910462E-04 3.697442E-04 3.679205E-04 3.496591E-04 3.441754E-04 3.711224E-04 3.456049E-04 3.268574E-04 3.295205E-04 3.208728E-04 2.916448E-04 2.985767E-04 2.745134E-04 2.866768E-04 2.638538E-04 2.554982E-04 2.376752E-04 2.579084E-04 2.187601E-04 2.275789E-04 2.154196E-04 1.936585E-04 2.049701E-04 2.006867E-04 1.965333E-04
 2.152344E-04 2.194230E-04 2.220071E-04 2.419721E-04 2.312763E-04 2.333565E-04 2.495616E-04 2.520631E-04 2.525350E-04 2.696252E-04 2.870779E-04 2.867553E-04 3.171138E-04 3.216944E-04 3.256015E-04 3.205210E-04 3.600315E-04 3.741583E-04 3.657113E-04 3.834600E-04 3.556857E-04 3.765654E-04 3.860792E-04 3.932898E-04 4.012237E-04 4.094216E-04 3.798330E-04 3.862170E-04 3.943240E-04 3.805896E-04 3.974284E-04 3.607356E-04 3.601291E-04 3.468919E-04 3.435019E-04 3.242011E-04 3.023982E-04 3.094263E-04 2.961778E-04 2.783072E-04 2.569203E-04 2.524201E-04 2.458721E-04 2.392178E-04 2.468583E-04 2.236979E-04 2.228056E-04 2.164894E-04 2.036945E-04 2.092965E-04
 2.131878E-04 2.110113E-04 2.372400E-04 2.568769E-04 2.782580E-04 2.789162E-04 2.739116E-04 2.378694E-04 2.489091E-04 2.666456E-04 2.970861E-04 3.067216E-04 3.218764E-04 3.274822E-04 3.268932E-04 3.488473E-04 3.536645E-04 3.744645E-04 4.047463E-04 3.743294E-04 3.670451E-04 4.057408E-04 4.222675E-04 4.312466E-04 4.390749E-04 4.268516E-04 4.211801E-04 4.148950E-04 3.980279E-04 4.116474E-04 4.215092E-04 4.064932E-04 3.858796E-04 3.510165E-04 3.588864E-04 3.458201E-04 3.433595E-04 3.273725E-04 3.226251E-04 2.710201E-04 2.624434E-04 2.567221E-04 2.590006E-04 2.513381E-04 2.673519E-04 2.444236E-04 2.447002E-04 2.302651E-04 2.079652E-04 2.334771E-04
 2.406551E-04 2.284856E-04 2.480110E-04 2.600190E-04 2.612946E-04 2.696941E-04 2.770528E-04 2.694271E-04 2.641512E-04 2.775954E-04 3.055718E-04 3.086882E-04 3.185847E-04 3.327022E-04 3.557495E-04 3.508377E-04 3.820835E-04 3.908031E-04 3.992935E-04 3.844743E-04 3.854545E-04 4.219703E-04 4.187230E-04 4.556454E-04 4.489615E-04 4.253867E-04 4.037911E-04 4.375206E-04 4.293413E-04 4.255657E-04 4.375009E-04 3.855419E-04 4.034377E-04 3.977604E-04 3.794982E-04 3.666162E-04 3.505464E-04 3.141980E-04 2.973105E-04 2.888417E-04 2.690420E-04 2.601041E-04 2.402690E-04 2.735658E-04 2.631103E-04 2.627705E-04 2.333521E-04 2.515416E-04 2.394928E-04 2.473871E-04
 2.171908E-04 2.282477E-04 2.415651E-04 2.715958E-04 2.875981E-04 2.801210E-04 2.687234E-04 2.685866E-04 2.776877E-04 2.799886E-04 3.188841E-04 3.453108E-04 3.155029E-04 3.373770E-04 3.653287E-04 3.687936E-04 3.953968E-04 4.030324E-04 4.120100E-04 3.959671E-04 4.165797E-04 4.133763E-04 4.083700E-04 4.482415E-04 4.543091E-04 4.583280E-04 4.380480E-04 4.075516E-04 4.163913E-04 4.305393E-04 4.476755E-04 4.230961E-04 3.945997E-04 3.916601E-04 3.791861E-04 3.557076E-04 4.017866E-04 3.430107E-04 3.397758E-04 3.033370E-04 2.837901E-04 2.595556E-04 2.623380E-04 2.862360E-04 2.766736E-04 2.541818E-04 2.513029E-04 2.651230E-04 2.687040E-04 2.607356E-04
 2.315435E-04 2.390022E-04 2.680344E-04 2.781245E-04 2.871887E-04 2.979167E-04 2.865921E-04 2.826404E-04 2.806850E-04 3.088794E-04 3.460519E-04 3.641781E-04 3.481449E-04 3.566706E-04 3.884273E-04 4.001471E-04 4.148884E-04 4.329614E-04 4.495891E-04 4.220906E-04 4.228751E-04 4.260088E-04 4.756435E-04 4.617611E-04 4.626601E-04 4.388416E-04 4.357527E-04 4.401336E-04 4.649841E-04 4.908666E-04 4.690764E-04 4.328491E-04 4.314717E-04 4.170990E-04 3.852945E-04 3.815613E-04 3.972901E-04 3.691949E-04 3.488807E-04 3.253706E-04 3.195258E-04 3.075144E-04 2.769733E-04 2.771243E-04 2.694722E-04 2.881381E-04 3.006541E-04 2.693897E-04 2.622654E-04 2.589222E-04
 2.426076E-04 2.494003E-04 2.848719E-04 2.815685E-04 3.102915E-04 3.062005E-04 3.101653E-04 3.149627E-04 2.765737E-04 3.252285E-04 3.601596E-04 3.610346E-04 3.656451E-04 3.943939E-04 4.271606E-04 4.451588E-04 4.353022E-04 4.631665E-04 4.651863E-04 4.805265E-04 4.805272E-04 4.673720E-04 4.995412E-04 4.770241E-04 4.690703E-04 5.012255E-04 4.538612E-04 4.454382E-04 4.947145E-04 4.966615E-04 4.789523E-04 4.453928E-04 4.304866E-04 4.377736E-04 4.067017E-04 3.949023E-04 3.780537E-04 3.883417E-04 3.664268E-04 3.610244E-04 3.390079E-04 2.978969E-04 2.802337E-04 2.654356E-04 2.933958E-04 2.984815E-04 2.730518E-04 2.645585E-04 2.870368E-04 2.504157E-04
 2.688499E-04 3.068787E-04 2.595519E-04 2.737928E-04 3.007742E-04 3.096339E-04 3.021112E-04 3.029452E-04 2.787576E-04 3.432590E-04 3.622467E-04 3.950735E-04 3.915798E-04 3.986497E-04 4.354945E-04 4.438560E-04 4.536061E-04 4.571750E-04 4.597666E-04 4.872991E-04 4.627965E-04 4.721959E-04 5.074420E-04 4.993647E-04 4.724934E-04 4.843848E-04 4.665685E-04 4.739024E-04 4.935645E-04 5.064707E-04 4.935922E-04 4.639672E-04 4.430909E-04 4.567967E-04 4.458487E-04 4.289579E-04 4.153135E-04 4.143551E-04 3.966169E-04 3.775845E-04 3.326402E-04 3.225165E-04 2.773470E-04 2.845942E-04 2.823851E-04 2.810574E-04 2.974634E-04 2.912564E-04 2.677557E-04 2.431191E-04
 2.587449E-04 2.716360E-04 2.984417E-04 2.997874E-04 3.284208E-04 3.202749E-04 3.149871E-04 3.189082E-04 3.269563E-04 3.423259E-04 3.774172E-04 3.910683E-04 4.200312E-04 4.006644E-04 4.579000E-04 4.583720E-04 4.822865E-04 5.172802E-04 5.230523E-04 5.037040E-04 4.885178E-04 5.177217E-04 5.287704E-04 5.250948E-04 5.028657E-04 5.184047E-04 5.212115E-04 5.123465E-04 5.062699E-04 5.260338E-04 4.910500E-04 5.054074E-04 4.770825E-04 4.524248E-04 4.425733E-04 4.478997E-04 4.147650E-04 4.143431E-04 3.761646E-04 3.913469E-04 3.404262E-04 3.302985E-04 2.987152E-04 3.269244E-04 3.325307E-04 3.240635E-04 3.091397E-04 2.872695E-04 2.856974E-04 2.675786E-04
 2.631601E-04 2.907054E-04 2.966814E-04 3.168660E-04 3.378868E-04 3.217705E-04 3.345418E-04 3.408492E-04 3.378174E-04 3.669363E-04 3.837430E-04 3.994149E-04 3.950063E-04 4.038614E-04 4.524858E-04 4.561600E-04 4.508326E-04 5.416852E-04 4.838088E-04 5.222806E-04 5.395274E-04 5.484952E-04 5.547582E-04 5.416762E-04 5.404434E-04 5.374054E-04 5.068838E-04 5.424550E-04 5.070461E-04 5.282650E-04 5.490952E-04 5.324593E-04 5.165988E-04 4.960949E-04 4.666595E-04 4.571486E-04 4.450861E-04 4.143126E-04 3.959186E-04 3.859438E-04 3.621672E-04 3.255409E-04 3.423607E-04 3.360224E-04 3.380003E-04 3.355679E-04 3.055995E-04 3.154906E-04 3.002070E-04 2.775704E-04
 2.805335E-04 2.752341E-04 2.862809E-04 3.268224E-04 3.411495E-04 3.450009E-04 3.521151E-04 3.515763E-04 3.579224E-04 3.718340E-04 3.666922E-04 4.257335E-04 4.652943E-04 4.719908E-04 4.942018E-04 5.096802E-04 4.950934E-04 5.165842E-04 5.286717E-04 5.292824E-04 5.393699E-04 5.668931E-04 5.571160E-04 5.614232E-04 5.998963E-04 5.613312E-04 5.704760E-04 5.737063E-04 5.921733E-04 5.602674E-04 5.392038E-04 5.510224E-04 5.293638E-04 4.975784E-04 4.861495E-04 5.121293E-04 4.903771E-04 4.412314E-04 4.341828E-04 4.116713E-04 3.642823E-04 3.372699E-04 3.335583E-04 3.785301E-04 3.704666E-04 3.494523E-04 3.355432E-04 3.312967E-04 3.124846E-04 2.907226E-04
 2.987379E-04 3.150424E-04 3.198997E-04 3.213850E-04 3.481659E-04 3.534488E-04 3.686639E-04 3.586281E-04 3.546432E-04 3.756694E-04 4.120959E-04 4.475445E-04 4.675551E-04 4.951566E-04 5.116618E-04 5.165644E-04 5.588535E-04 5.631071E-04 6.034441E-04 5.865447E-04 5.483523E-04 5.531853E-04 5.637001E-04 5.793568E-04 5.979908E-04 5.917790E-04 5.643795E-04 5.931675E-04 5.902722E-04 6.092822E-04 5.568657E-04 5.270997E-04 5.292149E-04 5.251834E-04 4.963169E-04 5.054934E-04 5.116494E-04 4.631576E-04 4.391835E-04 4.230414E-04 3.792505E-04 3.530181E-04 3.613241E-04 3.850117E-04 3.574239E-04 3.562683E-04 3.527497E-04 3.211377E-04 3.129832E-04 3.163727E-04
 3.199729E-04 3.580359E-04 3.750408E-04 3.527576E-04 3.597473E-04 3.832854E-04 3.853965E-04 3.943280E-04 3.775599E-04 3.765145E-04 4.322938E-04 4.675373E-04 5.086591E-04 5.050419E-04 5.331478E-04 5.626866E-04 5.670595E-04 5.873020E-04 6.167800E-04 6.016784E-04 6.138967E-04 6.197375E-04 5.918562E-04 6.184900E-04 5.936665E-04 6.286139E-04 6.092889E-04 5.995240E-04 6.064600E-04 5.962867E-04 5.743257E-04 5.675336E-04 5.492324E-04 5.617568E-04 5.197746E-04 5.100020E-04 5.312128E-04 4.683315E-04 4.807341E-04 4.457734E-04 3.905601E-04 3.466103E-04 3.708637E-04 3.710766E-04 3.836148E-04 3.440471E-04 3.328960E-04 3.378320E-04 3.271859E-04 3.128665E-04
 3.252279E-04 3.216921E-04 3.488275E-04 3.611358E-04 3.878130E-04 4.055065E-04 3.998168E-04 3.938952E-04 4.116139E-04 4.398032E-04 4.132215E-04 5.048260E-04 5.113711E-04 5.129241E-04 5.647392E-04 5.887739E-04 5.965827E-04 6.187397E-04 6.589518E-04 6.345801E-04 6.709600E-04 6.635607E-04 6.389982E-04 6.363041E-04 6.156073E-04 6.443697E-04 6.568160E-04 6.555202E-04 6.345644E-04 6.259603E-04 6.174465E-04 5.889622E-04 5.797845E-04 5.987240E-04 5.616617E-04 5.885146E-04 5.330654E-04 5.422121E-04 4.831439E-04 4.752325E-04 4.326115E-04 3.784611E-04 3.948978E-04 3.872809E-04 3.777103E-04 3.490223E-04 3.619287E-04 3.441550E-04 3.347277E-04 3.258169E-04
 3.311819E-04 3.417144E-04 3.486894E-04 3.556819E-04 3.960788E-04 4.201352E-04 4.285281E-04 4.291413E-04 4.224738E-04 4.371649E-04 4.848081E-04 5.096924E-04 5.283683E-04 5.545671E-04 5.852786E-04 6.102351E-04 6.276275E-04 6.546638E-04 6.662017E-04 6.859422E-04 6.591585E-04 6.785258E-04 7.070437E-04 6.752677E-04 6.613672E-04 6.999512E-04 6.961791E-04 6.874633E-04 7.009799E-04 6.698029E-04 6.299871E-04 6.485515E-04 6.279427E-04 6.257644E-04 6.059984E-04 6.114840E-04 5.827073E-04 5.575849E-04 5.021446E-04 4.556646E-04 4.307121E-04 3.838623E-04 4.167134E-04 3.865657E-04 4.021538E-04 3.808719E-04 4.126524E-04 3.507647E-04 3.490643E-04 3.554608E-04
 3.813796E-04 3.715100E-04 3.925440E-04 4.288944E-04 4.587330E-04 4.639612E-04 4.889354E-04 4.745058E-04 4.757038E-04 5.411499E-04 5.205625E-04 5.464279E-04 6.099355E-04 6.200254E-04 6.642202E-04 6.964231E-04 6.739295E-04 7.175129E-04 7.370906E-04 7.401190E-04 7.923314E-04 7.372280E-04 7.458797E-04 7.263077E-04 7.569911E-04 7.476158E-04 7.808453E-04 7.582545E-04 7.212772E-04 7.149533E-04 7.327019E-04 7.162351E-04 7.445319E-04 6.741457E-04 7.014705E-04 6.665626E-04 6.038622E-04 5.611393E-04 5.581854E-04 5.470679E-04 5.126966E-04 4.618268E-04 4.659600E-04 4.801706E-04 4.687521E-04 4.136179E-04 4.159643E-04 3.681019E-04 3.869813E-04 3.853195E-04
 8.141749E-04 8.267975E-04 8.546794E-04 8.651663E-04 8.338769E-04 8.640775E-04 8.722794E-04 8.072085E-04 7.496154E-04 8.148517E-04 8.194895E-04 8.776562E-04 9.391672E-04 9.765967E-04 9.481065E-04 1.018529E-03 1.020367E-03 1.122965E-03 1.104377E-03 1.019890E-03 1.089428E-03 1.080934E-03 1.024468E-03 1.070039E-03 1.077713E-03 1.048377E-03 1.161074E-03 1.057129E-03 1.082420E-03 1.058292E-03 1.032712E-03 1.022631E-03 1.053679E-03 9.979934E-04 1.056975E-03 9.583244E-04 9.435160E-04 8.852708E-04 8.531946E-04 8.217019E-04 7.906302E-04 7.961535E-04 8.517989E-04 8.678258E-04 8.136017E-04 8.392223E-04 8.292591E-04 8.187562E-04 8.121399E-04 7.952947E-04
 1.170162E-03 1.195194E-03 1.150358E-03 1.193486E-03 1.239044E-03 1.195849E-03 1.241875E-03 1.219690E-03 1.101074E-03 1.175177E-03 1.178124E-03 1.251623E-03 1.304671E-03 1.304538E-03 1.324821E-03 1.272282E-03 1.330954E-03 1.371456E-03 1.523229E-03 1.328771E-03 1.378272E-03 1.362525E-03 1.344588E-03 1.362706E-03 1.378365E-03 1.425478E-03 1.480532E-03 1.396746E-03 1.424479E-03 1.345947E-03 1.389326E-03 1.361663E-03 1.374081E-03 1.294644E-03 1.302398E-03 1.272623E-03 1.289291E-03 1.278840E-03 1.175590E-03 1.132669E-03 1.155583E-03 1.110376E-03 1.179294E-03 1.235480E-03 1.235736E-03 1.192441E-03 1.246916E-03 1.146854E-03 1.094699E-03 1.124637E-03
 1.430109E-03 1.418594E-03 1.483731E-03 1.454606E-03 1.465656E-03 1.559713E-03 1.500597E-03 1.414985E-03 1.224878E-03 1.317697E-03 1.374465E-03 1.452186E-03 1.541703E-03 1.458046E-03 1.521776E-03 1.557762E-03 1.581994E-03 1.494084E-03 1.613929E-03 1.609443E-03 1.584094E-03 1.589657E-03 1.606183E-03 1.534130E-03 1.605867E-03 1.777193E-03 1.653075E-03 1.617062E-03 1.632077E-03 1.668955E-03 1.654552E-03 1.599530E-03 1.541039E-03 1.546182E-03 1.565020E-03 1.555490E-03 1.498957E-03 1.461013E-03 1.423051E-03 1.367115E-03 1.337889E-03 1.313288E-03 1.537447E-03 1.576456E-03 1.541396E-03 1.593174E-03 1.545682E-03 1.559705E-03 1.518670E-03 1.427822E-03
 1.329344E-03 1.366615E-03 1.405949E-03 1.395100E-03 1.410583E-03 1.413562E-03 1.410721E-03 1.359655E-03 1.193415E-03 1.269648E-03 1.323795E-03 1.349523E-03 1.387743E-03 1.403670E-03 1.429506E-03 1.448476E-03 1.411398E-03 1.521922E-03 1.409463E-03 1.515560E-03 1.612440E-03 1.425265E-03 1.456272E-03 1.547791E-03 1.454136E-03 1.554954E-03 1.526846E-03 1.510847E-03 1.549116E-03 1.500770E-03 1.412223E-03 1.457315E-03 1.475941E-03 1.410452E-03 1.373085E-03 1.416467E-03 1.472707E-03 1.344006E-03 1.310136E-03 1.295120E-03 1.189407E-03 1.139740E-03 1.406181E-03 1.464143E-03 1.432579E-03 1.395572E-03 1.417008E-03 1.417627E-03 1.395382E-03 1.337000E-03
 6.577860E-04 6.614461E-04 7.020560E-04 7.379961E-04 6.982915E-04 7.424807E-04 7.321778E-04 6.794327E-04 6.683896E-04 7.152529E-04 7.939289E-04 8.198347E-04 7.796302E-04 8.745425E-04 9.015751E-04 8.950535E-04 8.719782E-04 9.201692E-04 9.062325E-04 9.453511E-04 9.992753E-04 9.581652E-04 1.020294E-03 1.015272E-03 1.023323E-03 9.714456E-04 9.412074E-04 9.717139E-04 9.458488E-04 9.518550E-04 9.917491E-04 9.402642E-04 8.824625E-04 9.047930E-04 9.134018E-04 8.749987E-04 8.806328E-04 8.186009E-04 7.805072E-04 7.853634E-04 7.080693E-04 7.196107E-04 7.287605E-04 7.277524E-04 7.073465E-04 7.047149E-04 6.416858E-04 6.210332E-04 6.389601E-04 5.909146E-04
 4.352125E-04 4.693918E-04 4.932891E-04 4.821471E-04 4.740613E-04 4.903533E-04 5.150559E-04 5.165636E-04 5.419481E-04 5.578240E-04 6.075196E-04 6.449504E-04 6.151237E-04 6.868526E-04 7.002053E-04 6.835548E-04 7.087953E-04 7.084322E-04 7.260091E-04 7.694009E-04 8.016317E-04 8.341604E-04 8.062882E-04 7.801038E-04 7.636872E-04 8.122374E-04 7.746324E-04 7.446868E-04 7.865249E-04 7.758286E-04 8.114480E-04 7.844832E-04 7.411860E-04 7.464592E-04 7.330809E-04 7.067739E-04 7.142758E-04 6.813829E-04 6.469391E-04 5.811277E-04 5.498781E-04 5.012319E-04 5.683582E-04 5.675756E-04 5.192331E-04 5.160014E-04 4.693955E-04 4.329087E-04 4.090348E-04 4.184322E-04
 3.362558E-04 3.696461E-04 3.671122E-04 3.856279E-04 3.990382E-04 4.152355E-04 4.593280E-04 4.676257E-04 4.381075E-04 4.490384E-04 5.291787E-04 5.762934E-04 5.821479E-04 5.993364E-04 6.014173E-04 6.108416E-04 6.113530E-04 6.377161E-04 7.080732E-04 6.787466E-04 6.822736E-04 7.177430E-04 6.907191E-04 7.263380E-04 6.868572E-04 6.770722E-04 6.726848E-04 6.948034E-04 6.899441E-04 7.315916E-04 7.318992E-04 7.139731E-04 6.817780E-04 6.869344E-04 6.446216E-04 6.282028E-04 6.068106E-04 6.104296E-04 5.820956E-04 5.224257E-04 4.761599E-04 4.471120E-04 4.679623E-04 4.828085E-04 4.626146E-04 4.174118E-04 4.246221E-04 3.957321E-04 3.855285E-04 3.828489E-04
 3.585463E-04 3.611343E-04 3.618133E-04 3.885861E-04 4.076999E-04 4.255370E-04 4.020340E-04 3.979735E-04 3.896771E-04 4.253138E-04 4.937115E-04 5.327932E-04 5.408141E-04 5.515472E-04 5.916621E-04 5.909830E-04 6.014653E-04 6.135928E-04 6.243052E-04 6.140552E-04 6.368404E-04 6.589179E-04 6.323654E-04 6.677235E-04 6.391937E-04 6.329326E-04 6.311528E-04 6.305743E-04 6.530400E-04 6.805176E-04 6.639627E-04 6.331222E-04 6.341415E-04 5.893141E-04 6.061245E-04 5.792498E-04 5.056427E-04 5.248582E-04 5.271792E-04 5.134989E-04 4.601208E-04 4.344819E-04 4.421320E-04 4.232886E-04 4.009420E-04 3.856499E-04 3.781412E-04 3.475096E-04 3.410893E-04 3.314602E-04
 3.120232E-04 3.200702E-04 3.336076E-04 3.577618E-04 3.899906E-04 3.663847E-04 3.756762E-04 3.868035E-04 3.829811E-04 4.133831E-04 4.563582E-04 4.589888E-04 4.906666E-04 5.323132E-04 5.098329E-04 5.498031E-04 5.452732E-04 5.441266E-04 6.078186E-04 5.899368E-04 5.943625E-04 6.106071E-04 5.704091E-04 5.919410E-04 5.799079E-04 6.133866E-04 6.551374E-04 6.229512E-04 6.102522E-04 6.177708E-04 6.201394E-04 5.906060E-04 5.751813E-04 5.448835E-04 5.391245E-04 5.583492E-04 5.051178E-04 4.674423E-04 4.663514E-04 4.519573E-04 4.299799E-04 3.924428E-04 4.080029E-04 4.117942E-04 3.836251E-04 3.669617E-04 3.689362E-04 3.254928E-04 3.273617E-04 3.163027E-04
 3.112550E-04 3.150510E-04 3.393402E-04 3.450882E-04 3.433656E-04 3.397036E-04 3.560646E-04 3.639469E-04 3.656404E-04 3.858496E-04 4.315194E-04 4.449546E-04 4.549490E-04 5.117599E-04 5.355330E-04 5.444294E-04 5.357041E-04 5.570856E-04 5.654739E-04 5.700478E-04 5.906573E-04 5.967055E-04 5.824187E-04 5.871762E-04 5.391562E-04 5.664061E-04 5.960344E-04 5.783273E-04 5.587505E-04 5.672967E-04 5.393746E-04 5.443327E-04 5.464161E-04 5.178863E-04 5.452242E-04 5.195900E-04 5.187257E-04 4.748171E-04 4.404444E-04 4.284665E-04 4.149245E-04 3.910945E-04 3.575952E-04 3.829927E-04 3.542136E-04 3.478691E-04 3.429034E-04 3.318871E-04 3.068339E-04 2.855407E-04
 2.955205E-04 3.097162E-04 3.041247E-04 3.681521E-04 3.391552E-04 3.321193E-04 3.423203E-04 3.386858E-04 3.656669E-04 3.776865E-04 4.061709E-04 4.274019E-04 4.351963E-04 4.858274E-04 4.712615E-04 5.012150E-04 5.303059E-04 5.399125E-04 5.489234E-04 5.254274E-04 5.453257E-04 5.801676E-04 5.803814E-04 5.382569E-04 5.852158E-04 5.608039E-04 5.739287E-04 5.258777E-04 5.428932E-04 5.343045E-04 5.145617E-04 5.076660E-04 5.233089E-04 4.976181E-04 5.014510E-04 4.636498E-04 4.738156E-04 4.304892E-04 4.306961E-04 3.994622E-04 3.648990E-04 3.253403E-04 3.490486E-04 3.520797E-04 3.433001E-04 3.251785E-04 3.152489E-04 3.086925E-04 3.120805E-04 3.038516E-04
 2.877706E-04 2.967356E-04 3.159207E-04 3.515554E-04 3.390725E-04 3.022083E-04 3.119117E-04 3.306014E-04 3.124658E-04 3.518294E-04 3.639823E-04 4.048103E-04 4.069638E-04 4.536335E-04 4.541885E-04 4.842228E-04 4.800547E-04 5.182268E-04 5.256969E-04 5.135855E-04 5.402265E-04 5.583031E-04 5.275944E-04 5.464804E-04 5.368560E-04 5.572987E-04 5.524051E-04 5.268509E-04 5.257790E-04 5.542125E-04 5.246642E-04 5.062079E-04 4.988245E-04 5.005891E-04 4.852727E-04 4.703568E-04 4.416196E-04 4.244292E-04 4.085305E-04 3.686072E-04 3.408551E-04 3.414522E-04 3.280822E-04 3.354388E-04 3.181778E-04 3.418451E-04 3.435700E-04 3.318923E-04 2.822300E-04 2.894562E-04
 2.749387E-04 2.751872E-04 3.256093E-04 3.305760E-04 3.159341E-04 3.079203E-04 3.277615E-04 3.049754E-04 3.029077E-04 3.702351E-04 3.756323E-04 4.093347E-04 4.193579E-04 4.451608E-04 4.349942E-04 4.678898E-04 4.660228E-04 4.868570E-04 4.826205E-04 5.027441E-04 5.578182E-04 4.979097E-04 5.246185E-04 5.419601E-04 5.486921E-04 5.563347E-04 5.329356E-04 5.310663E-04 5.100814E-04 5.254996E-04 4.907208E-04 5.170702E-04 5.232538E-04 4.812055E-04 4.738465E-04 4.289148E-04 3.989954E-04 4.016356E-04 3.825649E-04 3.856571E-04 3.483128E-04 3.303328E-04 3.394125E-04 2.969207E-04 3.017104E-04 3.262028E-04 3.196241E-04 2.962521E-04 2.619079E-04 2.639609E-04
 2.596762E-04 2.675509E-04 3.031829E-04 2.904476E-04 2.835010E-04 2.981873E-04 3.101968E-04 3.214266E-04 3.047634E-04 3.565173E-04 3.739420E-04 4.039550E-04 4.041592E-04 4.371449E-04 4.333797E-04 4.438218E-04 4.772123E-04 4.734312E-04 4.842808E-04 4.983914E-04 5.137695E-04 4.948391E-04 5.071272E-04 5.380603E-04 5.359340E-04 5.633748E-04 5.255278E-04 5.313152E-04 5.327074E-04 5.036132E-04 4.865495E-04 4.934379E-04 4.856470E-04 4.579191E-04 4.406025E-04 4.103794E-04 3.989170E-04 3.819152E-04 3.641502E-04 3.861041E-04 3.480897E-04 3.224060E-04 3.330617E-04 3.237647E-04 2.922648E-04 2.793576E-04 2.870300E-04 2.937992E-04 2.566942E-04 2.666481E-04
 2.465175E-04 2.648251E-04 2.475050E-04 2.874024E-04 2.786347E-04 2.988244E-04 3.012285E-04 2.896665E-04 3.068432E-04 3.733691E-04 3.642801E-04 3.838416E-04 3.954271E-04 3.861006E-04 4.199608E-04 4.155845E-04 4.464784E-04 4.162970E-04 4.596457E-04 4.765810E-04 5.010273E-04 5.058218E-04 4.751810E-04 5.218504E-04 4.926773E-04 5.212067E-04 5.338352E-04 5.081954E-04 5.040090E-04 4.989724E-04 4.950976E-04 4.585499E-04 4.584989E-04 4.447668E-04 4.453107E-04 4.101545E-04 3.911677E-04 3.848830E-04 3.538753E-04 3.341663E-04 3.378563E-04 3.045106E-04 3.005901E-04 2.990745E-04 3.041087E-04 2.994230E-04 2.799698E-04 2.956804E-04 2.799404E-04 2.324031E-04
 2.393633E-04 2.487896E-04 2.569885E-04 2.527088E-04 2.863746E-04 2.900746E-04 2.985565E-04 2.993058E-04 2.992881E-04 3.276661E-04 3.261707E-04 3.647481E-04 3.468035E-04 3.840305E-04 3.931885E-04 4.214379E-04 4.562024E-04 4.034787E-04 4.629399E-04 4.405165E-04 4.564323E-04 4.714024E-04 4.609321E-04 4.675552E-04 4.986552E-04 4.894282E-04 4.986487E-04 4.793795E-04 4.467507E-04 4.704925E-04 4.276438E-04 4.338732E-04 4.163305E-04 4.197366E-04 4.398683E-04 4.366541E-04 3.947954E-04 3.692713E-04 3.402577E-04 3.461161E-04 2.918872E-04 2.759603E-04 2.905746E-04 2.811906E-04 2.914843E-04 2.751920E-04 2.925665E-04 2.597659E-04 2.796983E-04 2.492544E-04
 2.441008E-04 2.436471E-04 2.477539E-04 2.523443E-04 2.557135E-04 2.573336E-04 2.701731E-04 2.812558E-04 2.963432E-04 3.040758E-04 3.198276E-04 3.333008E-04 3.872219E-04 3.597508E-04 4.015770E-04 4.267501E-04 4.225862E-04 3.958662E-04 4.296890E-04 4.564753E-04 4.388881E-04 4.196665E-04 4.375393E-04 4.609209E-04 4.468711E-04 4.469085E-04 4.446269E-04 4.591643E-04 4.465027E-04 4.404975E-04 3.977273E-04 3.935985E-04 4.068810E-04 3.915832E-04 4.070688E-04 3.942275E-04 3.809144E-04 3.679345E-04 3.385452E-04 3.129153E-04 2.829090E-04 2.708126E-04 2.684640E-04 2.835005E-04 2.769443E-04 2.738896E-04 2.469006E-04 2.563907E-04 2.454586E-04 2.451639E-04
 2.316838E-04 2.272192E-04 2.657808E-04 2.791059E-04 2.552323E-04 2.498615E-04 2.628412E-04 2.816191E-04 2.917546E-04 2.887940E-04 3.268352E-04 3.432830E-04 3.477507E-04 3.784675E-04 3.824019E-04 3.862769E-04 4.028987E-04 4.178773E-04 4.095900E-04 3.868271E-04 4.213104E-04 4.049443E-04 4.100104E-04 4.353158E-04 4.250612E-04 4.343849E-04 4.225331E-04 4.230810E-04 4.334572E-04 4.261483E-04 4.168643E-04 3.665665E-04 3.969135E-04 3.898569E-04 3.539366E-04 3.604241E-04 3.599425E-04 3.494719E-04 3.407304E-04 2.920784E-04 2.764473E-04 2.725382E-04 2.718283E-04 2.741303E-04 2.766582E-04 2.665773E-04 2.447811E-04 2.558684E-04 2.686267E-04 2.582755E-04
 2.207104E-04 2.346497E-04 2.263732E-04 2.530512E-04 2.485551E-04 2.612673E-04 2.431947E-04 2.625153E-04 2.483544E-04 3.055500E-04 3.211159E-04 3.155806E-04 3.339656E-04 3.739920E-04 3.779883E-04 3.563909E-04 3.878470E-04 4.335467E-04 4.089409E-04 3.925788E-04 4.203047E-04 3.906221E-04 4.005884E-04 3.882869E-04 3.987262E-04 4.350016E-04 4.246535E-04 4.260077E-04 4.162741E-04 4.110895E-04 4.014149E-04 3.727350E-04 3.824459E-04 3.858381E-04 3.738204E-04 3.627827E-04 3.360270E-04 3.485731E-04 3.260551E-04 2.978241E-04 2.663316E-04 2.432312E-04 2.765677E-04 2.774345E-04 2.664458E-04 2.703930E-04 2.444525E-04 2.471423E-04 2.602090E-04 2.546306E-04
 2.193229E-04 2.287019E-04 2.224955E-04 2.417237E-04 2.377009E-04 2.301827E-04 2.219890E-04 2.472573E-04 2.510167E-04 2.637565E-04 2.984899E-04 2.798076E-04 3.039733E-04 3.468728E-04 3.352398E-04 3.376516E-04 3.584057E-04 3.844769E-04 3.605193E-04 3.833040E-04 3.927895E-04 3.820475E-04 4.017854E-04 3.850020E-04 3.995580E-04 3.970645E-04 4.108903E-04 4.112042E-04 4.045355E-04 4.280067E-04 4.192950E-04 3.632141E-04 3.421148E-04 3.786130E-04 3.578051E-04 3.379344E-04 3.157564E-04 2.910889E-04 2.812730E-04 2.863773E-04 2.385050E-04 2.325895E-04 2.230206E-04 2.724893E-04 2.619336E-04 2.722247E-04 2.504451E-04 2.334188E-04 2.040980E-04 2.158854E-04
 2.190323E-04 2.021438E-04 2.023978E-04 2.297014E-04 2.329437E-04 2.324002E-04 2.350823E-04 2.325231E-04 2.456198E-04 2.412494E-04 2.737856E-04 2.853048E-04 3.023225E-04 2.904325E-04 3.148326E-04 3.048609E-04 3.536192E-04 3.792694E-04 3.415501E-04 3.595181E-04 3.562910E-04 3.641766E-04 3.875198E-04 3.658668E-04 3.825327E-04 3.658540E-04 3.646610E-04 3.862763E-04 3.539938E-04 3.833373E-04 3.579129E-04 3.626038E-04 3.549913E-04 3.371676E-04 3.416742E-04 3.216703E-04 3.230380E-04 2.794537E-04 2.834472E-04 2.865861E-04 2.555637E-04 2.439754E-04 2.504709E-04 2.450535E-04 2.288617E-04 2.523472E-04 2.454758E-04 2.309152E-04 2.169680E-04 1.885461E-04
 1.961823E-04 2.129854E-04 2.331097E-04 2.155330E-04 2.227075E-04 2.288098E-04 2.279841E-04 2.253569E-04 2.282315E-04 2.393563E-04 2.488233E-04 2.632210E-04 3.085375E-04 2.932992E-04 3.196329E-04 3.272253E-04 3.507796E-04 3.692443E-04 3.275836E-04 3.241086E-04 3.278998E-04 3.627611E-04 3.614632E-04 3.718852E-04 3.615644E-04 3.422091E-04 3.442694E-04 3.515390E-04 3.571583E-04 3.318531E-04 3.518771E-04 3.778226E-04 3.608066E-04 3.626475E-04 3.391246E-04 3.129020E-04 2.916803E-04 2.887955E-04 2.622968E-04 2.439982E-04 2.405895E-04 2.227152E-04 2.478369E-04 2.485433E-04 2.223819E-04 2.210637E-04 2.124800E-04 2.178042E-04 1.975305E-04 2.006392E-04
 1.987718E-04 2.022504E-04 2.088956E-04 2.179577E-04 2.084687E-04 2.061046E-04 2.207336E-04 1.989671E-04 2.111882E-04 2.289023E-04 2.552765E-04 2.519484E-04 2.728594E-04 2.917711E-04 3.175083E-04 3.231025E-04 3.365187E-04 3.275044E-04 3.392132E-04 3.387094E-04 3.574181E-04 3.443497E-04 3.643253E-04 3.427476E-04 3.402921E-04 3.213978E-04 3.380015E-04 3.150745E-04 3.468480E-04 3.305237E-04 3.348984E-04 3.446347E-04 3.404204E-04 3.218348E-04 3.431324E-04 2.992165E-04 2.730091E-04 2.848046E-04 2.523073E-04 2.519474E-04 2.189549E-04 1.919902E-04 2.153591E-04 2.349293E-04 2.431458E-04 2.107634E-04 2.164168E-04 2.212367E-04 1.843432E-04 1.716952E-04
 1.712830E-04 2.014943E-04 2.212552E-04 1.837045E-04 1.934189E-04 2.180987E-04 1.980281E-04 1.941909E-04 1.981646E-04 2.064580E-04 2.154606E-04 2.407481E-04 2.357113E-04 2.500669E-04 2.802048E-04 2.678967E-04 3.217977E-04 2.959837E-04 3.051083E-04 3.113786E-04 3.361954E-04 3.248531E-04 3.311469E-04 3.006826E-04 3.435405E-04 3.118212E-04 3.252524E-04 3.088412E-04 3.149343E-04 3.006628E-04 2.870426E-04 2.893640E-04 3.065403E-04 2.907604E-04 3.099697E-04 2.897050E-04 2.824104E-04 2.449191E-04 2.487730E-04 2.323134E-04 2.279138E-04 2.042080E-04 2.124805E-04 2.353818E-04 2.190051E-04 2.003578E-04 2.065147E-04 2.092973E-04 2.011449E-04 1.800708E-04
 1.916113E-04 1.926416E-04 1.897900E-04 1.831995E-04 2.010669E-04 1.877987E-04 1.905263E-04 1.868524E-04 1.786855E-04 1.770410E-04 1.943049E-04 2.152166E-04 2.309801E-04 2.377117E-04 2.523581E-04 2.624386E-04 2.646613E-04 2.844967E-04 2.892625E-04 2.723484E-04 3.023861E-04 2.939767E-04 3.163856E-04 3.136096E-04 2.904772E-04 3.059433E-04 2.974688E-04 2.742162E-04 3.029479E-04 2.945615E-04 2.880880E-04 3.010298E-04 2.855665E-04 2.811219E-04 2.619364E-04 2.880517E-04 2.592473E-04 2.166624E-04 2.292199E-04 2.178543E-04 2.032419E-04 1.990031E-04 2.130206E-04 2.175291E-04 2.130494E-04 2.089846E-04 1.832261E-04 1.800309E-04 1.871153E-04 1.773334E-04
 1.686410E-04 1.779164E-04 1.666482E-04 1.896550E-04 1.786077E-04 1.609064E-04 1.720769E-04 1.787744E-04 1.772042E-04 1.814821E-04 2.003668E-04 2.070231E-04 2.168859E-04 1.965532E-04 2.489363E-04 2.263536E-04 2.329257E-04 2.680446E-04 2.738358E-04 2.352325E-04 2.699204E-04 2.724005E-04 2.769148E-04 2.679408E-04 3.004429E-04 2.882208E-04 2.812929E-04 2.609859E-04 2.805727E-04 2.713862E-04 2.541773E-04 2.639277E-04 2.576181E-04 2.349632E-04 2.279521E-04 2.433431E-04 2.332184E-04 2.124036E-04 2.126197E-04 2.145970E-04 1.736274E-04 1.696014E-04 1.941314E-04 1.851803E-04 2.016140E-04 2.125743E-04 1.882137E-04 1.703490E-04 1.576912E-04 1.653844E-04
 1.548601E-04 1.526337E-04 1.633154E-04 1.519163E-04 1.510141E-04 1.650712E-04 1.798126E-04 1.663863E-04 1.633182E-04 1.802690E-04 1.815985E-04 1.903847E-04 2.000733E-04 2.006290E-04 2.155877E-04 2.209834E-04 2.433502E-04 2.335340E-04 2.259159E-04 2.316077E-04 2.535891E-04 2.557476E-04 2.238375E-04 2.318533E-04 2.562368E-04 2.458243E-04 2.178904E-04 2.362273E-04 2.274102E-04 2.449312E-04 2.603697E-04 2.261775E-04 2.457046E-04 2.199665E-04 2.139383E-04 2.116082E-04 2.003513E-04 2.135142E-04 1.933360E-04 1.734954E-04 1.667785E-04 1.450346E-04 1.741043E-04 1.833189E-04 1.775617E-04 1.825445E-04 1.824042E-04 1.664510E-04 1.571480E-04 1.537245E-04
 1.532687E-04 1.526219E-04 1.534755E-04 1.618619E-04 1.549588E-04 1.609496E-04 1.662895E-04 1.512596E-04 1.617610E-04 1.816639E-04 1.702185E-04 1.733902E-04 1.821332E-04 1.902246E-04 1.711687E-04 2.017024E-04 2.074363E-04 1.986715E-04 1.905724E-04 2.182328E-04 2.101452E-04 2.185902E-04 2.188749E-04 2.227524E-04 2.084114E-04 2.162280E-04 2.026971E-04 2.004743E-04 1.947678E-04 1.934192E-04 2.112389E-04 2.006882E-04 2.070401E-04 2.036906E-04 2.051472E-04 1.997389E-04 1.919668E-04 1.801729E-04 1.824880E-04 1.804362E-04 1.391568E-04 1.521058E-04 1.416700E-04 1.647034E-04 1.672266E-04 1.735183E-04 1.772475E-04 1.640764E-04 1.570323E-04 1.552589E-04
     0.061028     0.065610     0.066821     0.064097     0.066779     0.064577     0.066002     0.070518     0.067296     0.068950     0.060272     0.059996     0.059751     0.058432     0.060603     0.059272     0.054780     0.054632     0.055462     0.055251     0.056825     0.053541     0.056181     0.057436     0.057363     0.054088     0.055259     0.055585     0.056214     0.058532     0.057359     0.059274     0.058464     0.060122     0.061298     0.061302     0.060684     0.065811     0.060974     0.064016     0.064605     0.070961     0.065886     0.069228     0.069931     0.066297     0.064216     0.071261     0.067615     0.063967
     0.059835     0.061370     0.062430     0.063044     0.063295     0.062471     0.064419     0.063690     0.065214     0.069594     0.062500     0.059033     0.060141     0.057164     0.059223     0.054456     0.054548     0.051509     0.052598     0.052152     0.052646     0.051454     0.050181     0.052330     0.051189     0.053947     0.052192     0.049942     0.051759     0.051785     0.053580     0.055643     0.055536     0.053667     0.054356     0.057719     0.061776     0.057210     0.057948     0.057273     0.060822     0.066272     0.062142     0.062339     0.062612     0.064505     0.064112     0.067799     0.061623     0.062622
     0.059936     0.059990     0.063634     0.061400     0.060193     0.059338     0.060262     0.063310     0.059741     0.059126     0.062107     0.061258     0.055840     0.054700     0.053268     0.053713     0.052808     0.050758     0.050131     0.050265     0.049530     0.049051     0.046738     0.046320     0.047707     0.048021     0.048378     0.046071     0.046472     0.050608     0.051229     0.049126     0.051641     0.049572     0.051206     0.050949     0.052586     0.053667     0.053848     0.057051     0.059217     0.058503     0.060396     0.060139     0.061227     0.062577     0.062621     0.062784     0.058454     0.059000
     0.056539     0.059645     0.057391     0.064462     0.059156     0.058995     0.056562     0.057989     0.058531     0.059826     0.054966     0.055250     0.053340     0.053312     0.050325     0.048333     0.051442     0.049040     0.047823     0.047610     0.046424     0.047040     0.045885     0.046156     0.045345     0.046382     0.046472     0.047370     0.045871     0.046808     0.047304     0.044915     0.048005     0.048249     0.048201     0.049770     0.048538     0.050930     0.055144     0.054937     0.055262     0.057032     0.058750     0.059925     0.059844     0.059499     0.062772     0.056514     0.060985     0.062417
     0.058469     0.059578     0.061013     0.058134     0.059174     0.056660     0.056853     0.057386     0.058364     0.056573     0.053700     0.054232     0.053587     0.049359     0.049203     0.048375     0.047659     0.046294     0.046011     0.047272     0.046331     0.045133     0.044234     0.044179     0.042758     0.045684     0.045764     0.045856     0.046594     0.044749     0.045933     0.045861     0.046676     0.048584     0.047615     0.049815     0.047986     0.050452     0.051186     0.057485     0.056237     0.058517     0.060544     0.056754     0.060006     0.056374     0.057300     0.059980     0.057216     0.058052
     0.055830     0.056878     0.055593     0.055374     0.057998     0.053805     0.055292     0.059824     0.054376     0.057977     0.051622     0.052514     0.048204     0.046841     0.046277     0.046178     0.043644     0.044015     0.045296     0.042706     0.045193     0.044743     0.043685     0.043535     0.042103     0.044219     0.043594     0.044118     0.042246     0.042908     0.043683     0.042371     0.044237     0.046960     0.043487     0.048135     0.047337     0.047321     0.050927     0.053661     0.052835     0.054807     0.053967     0.054702     0.055870     0.056855     0.055726     0.058468     0.055463     0.058860
     0.056833     0.051696     0.053725     0.052617     0.050794     0.052964     0.059785     0.055335     0.054951     0.051097     0.053778     0.050599     0.048722     0.047302     0.043799     0.043193     0.042060     0.040809     0.040703     0.042438     0.040841     0.043679     0.041780     0.041099     0.040667     0.041833     0.042286     0.041915     0.042296     0.041500     0.041753     0.044323     0.044907     0.043370     0.046223     0.045223     0.045410     0.049213     0.048098     0.053183     0.049378     0.050928     0.056158     0.053397     0.053505     0.055365     0.054983     0.055936     0.056234     0.057081
     0.056924     0.052873     0.053382     0.051999     0.051792     0.052012     0.050181     0.056815     0.052411     0.047994     0.047142     0.048137     0.046657     0.045392     0.045508     0.042888     0.044270     0.042158     0.043902     0.041400     0.041164     0.041047     0.041006     0.042022     0.039877     0.040096     0.038995     0.040957     0.039793     0.041660     0.041626     0.042572     0.043274     0.042321     0.044249     0.043819     0.044613     0.048996     0.046659     0.049594     0.051301     0.051466     0.052322     0.055216     0.056482     0.051436     0.053479     0.054059     0.054188     0.056769
     0.055769     0.052399     0.055176     0.051710     0.051529     0.050161     0.053502     0.050750     0.053075     0.050835     0.049287     0.044999     0.044592     0.046259     0.043579     0.040393     0.043058     0.041205     0.041197     0.039597     0.040802     0.040601     0.038757     0.038267     0.040671     0.041714     0.038487     0.040548     0.040221     0.038962     0.038617     0.038237     0.038663     0.042131     0.043867     0.042478     0.044961     0.043942     0.049174     0.048397     0.050255     0.053534     0.051119     0.052460     0.052273     0.049900     0.053590     0.053936     0.051538     0.052569
     0.052611     0.050565     0.050926     0.050310     0.048575     0.050319     0.052122     0.048851     0.048934     0.049433     0.047311     0.046321     0.043856     0.044974     0.045020     0.040612     0.040146     0.041340     0.042293     0.039612     0.040727     0.038581     0.038129     0.037798     0.036614     0.037598     0.036968     0.039422     0.040218     0.039926     0.038058     0.038171     0.039673     0.041002     0.040969     0.041528     0.041886     0.043106     0.043301     0.048027     0.048864     0.051355     0.051429     0.051269     0.051387     0.052696     0.051607     0.053127     0.051178     0.051798
     0.051161     0.051588     0.051012     0.050864     0.050033     0.049374     0.051713     0.051064     0.048021     0.044630     0.047353     0.044537     0.042503     0.042266     0.040775     0.039091     0.039255     0.038981     0.038469     0.038613     0.038656     0.038899     0.038101     0.041360     0.038587     0.037414     0.038938     0.037622     0.039692     0.038835     0.039132     0.041791     0.040036     0.038569     0.040988     0.040367     0.042054     0.042829     0.043717     0.044020     0.046040     0.046885     0.049961     0.047800     0.050300     0.049150     0.052138     0.051603     0.050562     0.052383
     0.049479     0.048522     0.048399     0.048488     0.050924     0.048626     0.049491     0.047580     0.049262     0.044064     0.044235     0.042737     0.042388     0.040956     0.039740     0.039925     0.040257     0.039412     0.039140     0.037234     0.037243     0.037604     0.038676     0.038777     0.036661     0.038579     0.038019     0.037780     0.038110     0.039108     0.037796     0.037577     0.040154     0.040569     0.037381     0.042636     0.044249     0.042032     0.042472     0.042221     0.044678     0.047279     0.048600     0.047005     0.048904     0.047125     0.049178     0.049324     0.048826     0.047879
     0.051954     0.047957     0.048378     0.047778     0.048199     0.048572     0.048624     0.048434     0.046508     0.047334     0.041834     0.040309     0.041177     0.040327     0.040518     0.040089     0.038143     0.039156     0.037907     0.038543     0.038040     0.038893     0.036748     0.035786     0.037739     0.037166     0.035858     0.037715     0.039685     0.036574     0.037311     0.039035     0.040142     0.037926     0.038461     0.037306     0.039606     0.040689     0.041327     0.043420     0.045068     0.048191     0.050008     0.046692     0.050114     0.046474     0.046226     0.048238     0.048223     0.049956
     0.045401     0.047793     0.047362     0.050046     0.048164     0.046229     0.045556     0.045998     0.045082     0.046007     0.043579     0.042753     0.040454     0.038567     0.037078     0.037690     0.036135     0.035863     0.035626     0.035673     0.035255     0.035450     0.036552     0.036983     0.036208     0.038220     0.035750     0.037771     0.038266     0.036102     0.037989     0.035987     0.037266     0.037281     0.039339     0.038320     0.039729     0.039819     0.040281     0.040999     0.040365     0.046264     0.048180     0.051610     0.046912     0.045745     0.045125     0.045797     0.047010     0.047135
     0.046711     0.047426     0.045373     0.045624     0.045161     0.045258     0.045428     0.043957     0.046675     0.041971     0.042256     0.037894     0.040913     0.038477     0.038185     0.036626     0.036998     0.035330     0.033650     0.035035     0.033322     0.035250     0.032438     0.034562     0.037005     0.034976     0.036382     0.034740     0.035702     0.036734     0.034087     0.036189     0.035779     0.037187     0.037153     0.038721     0.038591     0.037609     0.040339     0.042181     0.045313     0.046250     0.047326     0.046864     0.047584     0.048524     0.044989     0.046345     0.046947     0.047901
     0.048517     0.045727     0.045298     0.046310     0.043757     0.045229     0.048840     0.044080     0.044130     0.041437     0.041907     0.039507     0.037677     0.036465     0.036478     0.038020     0.035807     0.035215     0.034957     0.034264     0.035226     0.035184     0.033668     0.032716     0.034042     0.035417     0.034482     0.034252     0.033924     0.033094     0.038935     0.038386     0.034994     0.036423     0.036913     0.035630     0.037210     0.039228     0.039790     0.040167     0.044383     0.045287     0.048794     0.044918     0.044569     0.043291     0.045755     0.043898     0.045450     0.044384
     0.046437     0.045578     0.044504     0.044585     0.044921     0.044519     0.044354     0.045783     0.042028     0.041977     0.040135     0.039433     0.039213     0.038005     0.037355     0.035417     0.035986     0.035355     0.032956     0.032765     0.034255     0.035243     0.033878     0.032578     0.033530     0.034706     0.033478     0.034087     0.036191     0.034390     0.033083     0.034117     0.033570     0.034564     0.034971     0.038344     0.038179     0.038125     0.037205     0.039589     0.040997     0.045105     0.043814     0.044699     0.044135     0.043625     0.043332     0.043458     0.045559     0.041591
     0.044719     0.045956     0.044795     0.044403     0.043676     0.044055     0.041882     0.042248     0.043720     0.043513     0.039839     0.039127     0.036391     0.036386     0.034530     0.034311     0.036394     0.036210     0.032772     0.034589     0.034910     0.033478     0.033738     0.034666     0.034042     0.031234     0.032726     0.032662     0.034635     0.033483     0.034031     0.033705     0.035251     0.034233     0.033805     0.036154     0.036992     0.038259     0.038140     0.038070     0.038951     0.042179     0.042444     0.044517     0.044846     0.043035     0.042946     0.043830     0.043962     0.045998
     0.043073     0.042180     0.043927     0.041437     0.043463     0.040842     0.040714     0.042390     0.040225     0.040293     0.039057     0.038168     0.038497     0.035754     0.035412     0.035265     0.032736     0.032679     0.032363     0.032317     0.031844     0.033738     0.033063     0.032072     0.031235     0.032544     0.032603     0.031718     0.032391     0.034552     0.033446     0.034861     0.035637     0.035343     0.033288     0.034870     0.037773     0.036496     0.037815     0.037574     0.039385     0.041487     0.041903     0.040177     0.041760     0.043293     0.042430     0.044298     0.044389     0.044095
     0.043609     0.041976     0.042861     0.042468     0.042101     0.040498     0.041553     0.041447     0.040960     0.040627     0.038251     0.036590     0.037596     0.034962     0.034000     0.033104     0.034227     0.031281     0.032388     0.031460     0.032413     0.030369     0.031149     0.031895     0.030602     0.032471     0.032404     0.030668     0.029015     0.031546     0.031422     0.030818     0.032743     0.035268     0.033917     0.033968     0.033873     0.036647     0.034531     0.037530     0.040160     0.040250     0.041948     0.043797     0.042391     0.043031     0.041580     0.043390     0.043117     0.043038
     0.042255     0.043163     0.043290     0.040331     0.040420     0.039916     0.040278     0.040455     0.039553     0.038655     0.036742     0.033618     0.036265     0.033752     0.033600     0.032480     0.032285     0.031615     0.030175     0.031116     0.030637     0.031952     0.030667     0.030187     0.030344     0.031814     0.032952     0.030767     0.030387     0.031904     0.032906     0.032285     0.032189     0.030152     0.031985     0.032248     0.033188     0.036181     0.035719     0.035826     0.037941     0.041356     0.041508     0.040958     0.042897     0.042565     0.043342     0.041936     0.042803     0.041986
     0.042563     0.044161     0.043861     0.041903     0.039832     0.040604     0.040208     0.039068     0.039146     0.037412     0.036490     0.034229     0.033781     0.033112     0.032691     0.032372     0.029968     0.030177     0.030762     0.031275     0.031022     0.030988     0.029683     0.030572     0.030118     0.031010     0.030547     0.029645     0.030619     0.032068     0.032545     0.031417     0.032135     0.030552     0.031904     0.032367     0.033492     0.032949     0.033937     0.035126     0.038575     0.037928     0.039908     0.039696     0.041781     0.041445     0.041520     0.042515     0.042313     0.043175
     0.037010     0.036834     0.037314     0.037066     0.038097     0.037938     0.036849     0.039361     0.037624     0.036686     0.036454     0.035210     0.034646     0.035141     0.034382     0.033084     0.033418     0.034191     0.034088     0.034345     0.034545     0.034405     0.034519     0.033843     0.034210     0.033600     0.035012     0.034194     0.033884     0.034426     0.034092     0.032460     0.033451     0.033915     0.034000     0.033663     0.034891     0.034952     0.035053     0.035761     0.037206     0.037814     0.038628     0.038088     0.038565     0.038037     0.037920     0.037765     0.037737     0.037308
     0.032529     0.032941     0.033447     0.033303     0.033641     0.034123     0.034378     0.035242     0.034680     0.033903     0.033300     0.032323     0.032513     0.032598     0.032172     0.032829     0.033318     0.032974     0.033071     0.033383     0.034095     0.034232     0.034536     0.034517     0.033499     0.033478     0.032962     0.033976     0.033403     0.033738     0.033028     0.032061     0.032985     0.032079     0.033285     0.032639     0.032142     0.033122     0.033507     0.033901     0.033612     0.034749     0.035376     0.033945     0.033877     0.033477     0.033188     0.033575     0.033780     0.033122
     0.030422     0.030745     0.030585     0.030910     0.031300     0.031281     0.031982     0.033206     0.033795     0.033015     0.032147     0.031334     0.030414     0.031774     0.031303     0.031362     0.032446     0.031808     0.032273     0.032195     0.033466     0.033728     0.033656     0.033052     0.033862     0.033352     0.032582     0.032748     0.033133     0.032819     0.032335     0.031890     0.031890     0.031909     0.031733     0.031595     0.031292     0.031900     0.032358     0.032456     0.032545     0.032593     0.032219     0.031638     0.031113     0.030890     0.030208     0.030012     0.029819     0.029980
     0.031661     0.031415     0.031404     0.031748     0.032099     0.032839     0.032778     0.034420     0.034837     0.033651     0.033012     0.033033     0.032127     0.032695     0.032138     0.032746     0.032577     0.032746     0.033934     0.033917     0.033894     0.035177     0.034350     0.034474     0.034481     0.034301     0.034143     0.033815     0.034678     0.034091     0.034228     0.033540     0.033488     0.034308     0.033228     0.032647     0.032827     0.032179     0.033114     0.033602     0.034321     0.034523     0.033401     0.032673     0.032184     0.032369     0.032053     0.031503     0.031455     0.031474
     0.041260     0.039062     0.040000     0.039266     0.040519     0.039590     0.040657     0.040753     0.039375     0.037481     0.035905     0.036297     0.034457     0.034647     0.033768     0.033305     0.034379     0.034851     0.036110     0.034024     0.034102     0.033809     0.034147     0.035792     0.035496     0.034035     0.034325     0.034991     0.036580     0.035034     0.036283     0.034335     0.033838     0.034827     0.034018     0.033609     0.035653     0.034627     0.034610     0.036748     0.037443     0.039860     0.039961     0.040769     0.041006     0.040365     0.040668     0.042088     0.040975     0.040789
     0.043403     0.042199     0.042376     0.044345     0.041427     0.041294     0.041717     0.043657     0.040798     0.037775     0.036951     0.037042     0.034734     0.037049     0.035424     0.035344     0.035168     0.034187     0.033614     0.033847     0.033490     0.034484     0.034778     0.032240     0.033622     0.034690     0.033604     0.033071     0.034781     0.035155     0.033465     0.033069     0.034528     0.034766     0.034121     0.035510     0.034274     0.035970     0.035482     0.037394     0.039329     0.039792     0.040833     0.041839     0.041583     0.041505     0.043617     0.044090     0.043574     0.043598
     0.043668     0.044623     0.043909     0.043409     0.043693     0.042171     0.042630     0.042956     0.041740     0.040951     0.037224     0.036825     0.036427     0.035224     0.034633     0.033923     0.034270     0.032895     0.033690     0.032176     0.032797     0.032858     0.033631     0.034945     0.032041     0.031075     0.034168     0.032939     0.033892     0.032879     0.033611     0.033318     0.034711     0.034242     0.033491     0.034578     0.034848     0.034887     0.034708     0.037970     0.038901     0.040116     0.042108     0.041784     0.042413     0.043084     0.043468     0.044425     0.042974     0.045300
     0.042813     0.043934     0.044314     0.043423     0.042469     0.043682     0.044576     0.043084     0.041054     0.042768     0.038143     0.037435     0.035701     0.034549     0.037032     0.035317     0.033099     0.034377     0.035992     0.034398     0.033651     0.035978     0.033661     0.034390     0.032614     0.032035     0.033957     0.032821     0.032718     0.034303     0.033726     0.034675     0.033574     0.035258     0.034587     0.034013     0.035461     0.035491     0.035649     0.038599     0.039235     0.039710     0.040583     0.043069     0.041143     0.043314     0.044399     0.044833     0.046025     0.045077
     0.044647     0.043623     0.044904     0.043348     0.045388     0.042836     0.044288     0.043908     0.040513     0.040237     0.038747     0.038587     0.034759     0.036332     0.032803     0.034557     0.033878     0.034455     0.035867     0.033136     0.034952     0.033589     0.032082     0.032069     0.032315     0.032778     0.034139     0.033521     0.031176     0.035165     0.033737     0.033805     0.033737     0.034847     0.033751     0.036151     0.037264     0.038351     0.037530     0.040135     0.040533     0.041480     0.042630     0.042170     0.043081     0.043739     0.046458     0.046352     0.046602     0.045364
     0.047613     0.044070     0.043652     0.044865     0.040848     0.041851     0.044559     0.043404     0.042975     0.041184     0.037232     0.036402     0.036867     0.035409     0.035141     0.034861     0.038169     0.033847     0.037015     0.036221     0.034286     0.034305     0.034289     0.035138     0.032524     0.033101     0.034108     0.033494     0.033701     0.034238     0.033020     0.032949     0.035661     0.034680     0.037427     0.036965     0.037545     0.039952     0.039046     0.041198     0.040986     0.045253     0.044471     0.043467     0.043557     0.044709     0.043041     0.043791     0.045844     0.045594
     0.044276     0.045977     0.042698     0.045452     0.044442     0.043135     0.044719     0.044809     0.045136     0.041280     0.039657     0.038356     0.039114     0.038471     0.034817     0.035678     0.036286     0.034395     0.035221     0.033604     0.032692     0.034145     0.035003     0.032820     0.033876     0.034121     0.035622     0.032149     0.037859     0.036042     0.035972     0.035685     0.034479     0.036504     0.035256     0.036818     0.039701     0.039613     0.043523     0.039286     0.043319     0.045755     0.044966     0.047290     0.046380     0.044696     0.046031     0.045070     0.044947     0.046970
     0.044808     0.045084     0.042688     0.044478     0.045818     0.045335     0.045250     0.046666     0.043137     0.041718     0.042161     0.039626     0.039356     0.039086     0.035686     0.036908     0.036281     0.035214     0.037258     0.033842     0.035535     0.034875     0.033153     0.035300     0.036688     0.034485     0.035629     0.034940     0.034750     0.035340     0.034267     0.035405     0.037125     0.038961     0.036776     0.039623     0.038322     0.041079     0.041142     0.039129     0.042559     0.046555     0.046193     0.045852     0.045353     0.044346     0.045681     0.047390     0.047441     0.048932
     0.049317     0.045758     0.045395     0.046376     0.045551     0.048013     0.046467     0.045375     0.043827     0.042887     0.042164     0.038605     0.038214     0.038166     0.038742     0.036972     0.036023     0.037552     0.035780     0.035594     0.038299     0.036079     0.035748     0.038294     0.036490     0.035705     0.035009     0.035166     0.034950     0.037008     0.036646     0.038882     0.037514     0.037094     0.037115     0.038299     0.037718     0.039398     0.039372     0.044775     0.043533     0.045405     0.045894     0.044883     0.045836     0.044737     0.042852     0.046514     0.047176     0.048219
     0.048197     0.049817     0.048305     0.048580     0.049422     0.047454     0.044120     0.047650     0.045868     0.042360     0.041771     0.041267     0.039040     0.040236     0.039173     0.038284     0.038791     0.037839     0.036470     0.038737     0.039668     0.037895     0.038232     0.035855     0.036333     0.035281     0.034615     0.036933     0.034911     0.035798     0.036670     0.038667     0.036455     0.036652     0.038764     0.037750     0.039928     0.039710     0.041390     0.044302     0.045846     0.044738     0.045488     0.045607     0.046402     0.045079     0.046688     0.046561     0.048584     0.050966
     0.048668     0.050392     0.051802     0.047165     0.048741     0.046165     0.048684     0.048824     0.048493     0.045752     0.042275     0.042877     0.041520     0.038790     0.039955     0.037613     0.038683     0.038909     0.037787     0.037768     0.036774     0.035853     0.035721     0.037119     0.033950     0.038773     0.037166     0.035888     0.036048     0.036814     0.036524     0.038316     0.038707     0.038133     0.039509     0.041098     0.038206     0.041708     0.043021     0.044044     0.045299     0.046863     0.048635     0.049002     0.048087     0.049473     0.050818     0.047379     0.048175     0.052104
     0.051309     0.049369     0.048082     0.046393     0.047393     0.048106     0.048935     0.049978     0.048340     0.046375     0.044817     0.043415     0.042006     0.040914     0.040087     0.038519     0.042383     0.038839     0.039338     0.036467     0.037699     0.037498     0.036617     0.034555     0.036153     0.037707     0.036597     0.037522     0.038127     0.038958     0.037378     0.038635     0.037237     0.038057     0.038966     0.042269     0.038604     0.042791     0.043439     0.044236     0.046286     0.045637     0.048473     0.049629     0.052870     0.047642     0.050583     0.048680     0.048673     0.047004
     0.050325     0.049358     0.049101     0.047743     0.052679     0.048936     0.052331     0.048612     0.050424     0.046102     0.047777     0.043011     0.043135     0.041986     0.038981     0.041266     0.039266     0.039789     0.039890     0.038794     0.039693     0.038134     0.038784     0.038275     0.040212     0.037924     0.036021     0.038104     0.038734     0.038550     0.038547     0.038490     0.039662     0.039763     0.042053     0.041102     0.040554     0.043451     0.044842     0.045806     0.046009     0.047887     0.052889     0.051565     0.050031     0.050685     0.051323     0.051525     0.047737     0.049378
     0.052305     0.051966     0.051106     0.050075     0.051378     0.052396     0.050996     0.050108     0.048517     0.047982     0.045374     0.044689     0.044777     0.044509     0.041472     0.040337     0.039792     0.041763     0.039780     0.037077     0.038800     0.037858     0.038275     0.039833     0.040277     0.039364     0.038728     0.038297     0.040185     0.038668     0.039918     0.039203     0.039822     0.039662     0.040829     0.043020     0.042197     0.046316     0.043242     0.045083     0.046254     0.049283     0.050125     0.049710     0.049862     0.049531     0.050426     0.051287     0.051972     0.051215
     0.051758     0.050644     0.048785     0.049915     0.051111     0.053847     0.050919     0.052289     0.052884     0.049787     0.046055     0.046957     0.044917     0.042304     0.043453     0.042567     0.041924     0.040523     0.039236     0.040442     0.042137     0.041774     0.041797     0.039351     0.040631     0.038042     0.039123     0.039678     0.039031     0.040512     0.039915     0.040226     0.042377     0.043086     0.041154     0.042821     0.043739     0.047565     0.048619     0.046699     0.047654     0.053423     0.051803     0.050397     0.053659     0.050510     0.051820     0.052885     0.052155     0.051839
     0.052143     0.054033     0.053249     0.056336     0.054250     0.051681     0.050948     0.054194     0.053215     0.050577     0.051947     0.044646     0.046119     0.043228     0.042779     0.042566     0.042434     0.043164     0.043549     0.042824     0.042391     0.039986     0.040287     0.039981     0.041964     0.040776     0.039617     0.041286     0.039804     0.042363     0.042278     0.039870     0.042978     0.043470     0.045670     0.046669     0.046170     0.047194     0.047991     0.050947     0.052271     0.058941     0.053035     0.054448     0.052520     0.052454     0.053034     0.052045     0.052227     0.054127
     0.055821     0.055160     0.054632     0.056174     0.052020     0.054430     0.056487     0.052888     0.053876     0.048977     0.051151     0.051152     0.045485     0.045244     0.043557     0.042152     0.041912     0.041383     0.042244     0.043549     0.043249     0.041257     0.042129     0.040567     0.042035     0.042375     0.042183     0.041109     0.041890     0.042418     0.041618     0.043152     0.044025     0.041598     0.043520     0.043356     0.045514     0.046114     0.048590     0.051697     0.049393     0.054485     0.052948     0.051509     0.056465     0.052651     0.053776     0.053064     0.056818     0.055610
     0.054686     0.057831     0.057578     0.057107     0.055934     0.052672     0.052753     0.054581     0.056082     0.052481     0.054836     0.049471     0.048952     0.046014     0.045982     0.044267     0.044692     0.043363     0.043205     0.042857     0.041959     0.041415     0.041349     0.040858     0.042788     0.042606     0.044040     0.042893     0.044194     0.045281     0.041993     0.043233     0.042925     0.043459     0.044067     0.046087     0.045501     0.048843     0.049930     0.048932     0.050674     0.054202     0.051263     0.050967     0.056173     0.057985     0.054183     0.057488     0.055919     0.057154
     0.058636     0.061917     0.054076     0.055795     0.056246     0.058255     0.059655     0.054981     0.055637     0.052518     0.051929     0.050191     0.050569     0.046496     0.048570     0.047898     0.046648     0.044073     0.042746     0.043290     0.042868     0.042541     0.043377     0.043238     0.045200     0.043048     0.045719     0.045202     0.044339     0.043987     0.043619     0.045015     0.045412     0.043500     0.046850     0.048814     0.049335     0.049305     0.050704     0.052515     0.053516     0.054329     0.055565     0.053823     0.055115     0.053053     0.053416     0.057473     0.058914     0.057935
     0.059063     0.058926     0.058760     0.060227     0.056768     0.059677     0.058311     0.062498     0.054991     0.059978     0.054237     0.051996     0.052509     0.048671     0.052100     0.047552     0.048256     0.047709     0.045248     0.045163     0.045273     0.045932     0.048141     0.045178     0.046104     0.045010     0.044361     0.044846     0.045018     0.046129     0.046214     0.045122     0.048347     0.047846     0.049169     0.047767     0.048224     0.049141     0.051488     0.052931     0.055465     0.056317     0.060931     0.060156     0.058316     0.056634     0.056329     0.057071     0.059132     0.057925
     0.062929     0.055245     0.059856     0.061055     0.060150     0.063201     0.059997     0.062414     0.060169     0.064688     0.057326     0.054588     0.053213     0.052908     0.053274     0.051710     0.050363     0.049492     0.048301     0.046972     0.047552     0.048125     0.044940     0.046376     0.045285     0.048520     0.045528     0.047936     0.045969     0.048092     0.048009     0.047996     0.049066     0.049287     0.050738     0.050976     0.052766     0.051895     0.055553     0.054421     0.061172     0.059092     0.059158     0.060370     0.058594     0.056840     0.059428     0.057838     0.056343     0.057293
     0.059362     0.059409     0.060556     0.062134     0.064153     0.064099     0.067865     0.064968     0.065547     0.066610     0.059545     0.060282     0.055091     0.055170     0.053074     0.052954     0.053095     0.049655     0.046947     0.048421     0.050903     0.049776     0.048978     0.046810     0.048202     0.047829     0.048161     0.049373     0.046683     0.047762     0.052116     0.051274     0.051893     0.050950     0.051147     0.055982     0.054138     0.054911     0.054714     0.059070     0.065284     0.066270     0.064271     0.059362     0.058726     0.057407     0.060009     0.063316     0.061146     0.060812
     0.063610     0.066282     0.065917     0.066212     0.065379     0.066454     0.064672     0.068040     0.062873     0.062901     0.060055     0.060686     0.056786     0.056570     0.055162     0.054364     0.052799     0.053538     0.050625     0.051468     0.051965     0.051294     0.052587     0.052995     0.053324     0.053404     0.054106     0.053693     0.052009     0.053412     0.053857     0.053028     0.057254     0.057131     0.057314     0.057978     0.059427     0.059196     0.058132     0.061681     0.062454     0.065630     0.069724     0.063783     0.063905     0.061475     0.059377     0.059763     0.062278     0.062488
     0.062161     0.061380     0.064848     0.068169     0.067317     0.064681     0.070626     0.066336     0.063569     0.068276     0.069484     0.062846     0.059907     0.059356     0.061371     0.062418     0.056676     0.057534     0.056880     0.055711     0.058833     0.059451     0.056476     0.057177     0.056943     0.057267     0.056472     0.060190     0.059250     0.060108     0.058807     0.054507     0.058540     0.059234     0.060499     0.058311     0.059887     0.057664     0.062696     0.070786     0.064825     0.067874     0.070167     0.066308     0.065732     0.061556     0.063676     0.065160     0.062431     0.063074
