MCNP(X) Input File                                            07/26/19 10:35:57 
 1  mcnp      6                          05/08/13  10000000
     0
    10     1    51     2    51     1  2500     1  2500     1     0     0     0     0     0     0     0     0     0
  0.00000     0.100000E+37
     0
     0
 -3.00000     -2.88000     -2.76000     -2.64000     -2.52000     -2.40000     -2.28000     -2.16000     -2.04000     -1.92000     -1.80000     -1.68000     -1.56000     -1.44000     -1.32000     -1.20000     -1.08000     -.960000     -.840000     -.720000     -.600000     -.480000     -.360000     -.240000     -.120000     0.166533E-14 0.120000     0.240000     0.360000     0.480000     0.600000     0.720000     0.840000     0.960000      1.08000      1.20000      1.32000      1.44000      1.56000      1.68000      1.80000      1.92000      2.04000      2.16000      2.28000      2.40000      2.52000      2.64000      2.76000      2.88000      3.00000    
  20.0000      22.0000    
 -5.00000     -4.80000     -4.60000     -4.40000     -4.20000     -4.00000     -3.80000     -3.60000     -3.40000     -3.20000     -3.00000     -2.80000     -2.60000     -2.40000     -2.20000     -2.00000     -1.80000     -1.60000     -1.40000     -1.20000     -1.00000     -.800000     -.600000     -.400000     -.200000     0.216493E-14 0.200000     0.400000     0.600000     0.800000      1.00000      1.20000      1.40000      1.60000      1.80000      2.00000      2.20000      2.40000      2.60000      2.80000      3.00000      3.20000      3.40000      3.60000      3.80000      4.00000      4.20000      4.40000      4.60000      4.80000      5.00000    
 1.673257E-04 1.688605E-04 1.641526E-04 1.734756E-04 1.641140E-04 1.669705E-04 1.722618E-04 1.492671E-04 1.466276E-04 1.580665E-04 1.678603E-04 1.644909E-04 1.850630E-04 1.798537E-04 1.942543E-04 1.867693E-04 2.103781E-04 2.022829E-04 2.292183E-04 2.125736E-04 2.416945E-04 2.211676E-04 2.378707E-04 2.397422E-04 2.169351E-04 2.130783E-04 2.394515E-04 2.170147E-04 2.221539E-04 2.304044E-04 2.122582E-04 1.950462E-04 2.026954E-04 2.168475E-04 1.909498E-04 1.979625E-04 1.914001E-04 1.992559E-04 1.811551E-04 1.635101E-04 1.511895E-04 1.519663E-04 1.605816E-04 1.818791E-04 1.718733E-04 1.895925E-04 1.699678E-04 1.504395E-04 1.433157E-04 1.448112E-04
 1.631720E-04 1.828008E-04 1.786937E-04 1.733526E-04 1.958631E-04 1.711476E-04 1.747595E-04 1.577516E-04 1.725396E-04 1.735135E-04 1.985848E-04 1.825274E-04 2.038062E-04 2.016619E-04 2.133155E-04 2.330952E-04 2.338656E-04 2.345262E-04 2.545569E-04 2.605148E-04 2.752969E-04 2.679833E-04 2.711720E-04 2.602897E-04 2.685346E-04 2.703527E-04 2.712283E-04 2.713918E-04 2.708491E-04 2.571084E-04 2.419780E-04 2.366553E-04 2.368405E-04 2.168397E-04 2.286691E-04 2.409091E-04 2.157651E-04 2.281147E-04 2.154340E-04 2.166383E-04 1.834732E-04 1.735524E-04 1.774846E-04 1.753639E-04 1.705143E-04 1.802958E-04 1.703981E-04 1.796294E-04 1.552011E-04 1.561858E-04
 1.634853E-04 1.756539E-04 1.902786E-04 2.012731E-04 1.979686E-04 1.985181E-04 1.869690E-04 1.815033E-04 1.874588E-04 2.031268E-04 2.048811E-04 2.209398E-04 2.227089E-04 2.625404E-04 2.419478E-04 2.572947E-04 2.564251E-04 2.713900E-04 2.704859E-04 2.803065E-04 3.190137E-04 3.283339E-04 3.131430E-04 2.811621E-04 2.999860E-04 2.849319E-04 2.986645E-04 3.020399E-04 3.034576E-04 3.035674E-04 2.673310E-04 2.627066E-04 2.686228E-04 2.583103E-04 2.626050E-04 2.539075E-04 2.538665E-04 2.344761E-04 2.326312E-04 2.271271E-04 2.159501E-04 1.912523E-04 1.835688E-04 1.916431E-04 1.842804E-04 1.755660E-04 1.728556E-04 1.825263E-04 1.779802E-04 1.695316E-04
 1.674116E-04 1.796822E-04 1.889584E-04 1.945736E-04 2.125438E-04 2.301300E-04 2.036477E-04 2.086421E-04 2.111577E-04 2.359862E-04 2.351389E-04 2.501835E-04 2.633394E-04 2.724871E-04 2.642420E-04 2.642858E-04 2.928569E-04 3.002027E-04 3.147506E-04 3.257473E-04 3.265824E-04 3.230302E-04 3.268355E-04 3.380857E-04 3.302213E-04 3.334601E-04 3.224577E-04 3.244794E-04 3.249092E-04 3.218227E-04 2.866917E-04 2.831445E-04 3.087743E-04 2.742643E-04 2.807652E-04 2.841890E-04 2.545309E-04 2.516896E-04 2.510850E-04 2.347254E-04 2.237197E-04 1.930664E-04 2.068371E-04 2.127243E-04 2.071996E-04 1.862519E-04 2.087516E-04 1.877467E-04 1.968414E-04 1.807542E-04
 2.098899E-04 2.011671E-04 2.146270E-04 1.976683E-04 2.290723E-04 2.441333E-04 2.327911E-04 2.035909E-04 2.148795E-04 2.384026E-04 2.307040E-04 2.638760E-04 2.775892E-04 2.833195E-04 3.143006E-04 3.115373E-04 2.857070E-04 2.988169E-04 3.198039E-04 3.376569E-04 3.186605E-04 3.444598E-04 3.307390E-04 3.534233E-04 3.501214E-04 3.456270E-04 3.393308E-04 3.339922E-04 3.443956E-04 3.216138E-04 3.207693E-04 3.249592E-04 3.188338E-04 3.109846E-04 2.946729E-04 3.066869E-04 2.884130E-04 2.783814E-04 2.454800E-04 2.500618E-04 2.219376E-04 2.198666E-04 2.224339E-04 2.258655E-04 2.154797E-04 2.007441E-04 2.099339E-04 2.183973E-04 2.024292E-04 2.063198E-04
 2.047364E-04 2.289406E-04 2.261057E-04 1.945565E-04 2.317141E-04 2.267120E-04 2.397426E-04 2.515722E-04 2.231740E-04 2.488563E-04 2.447482E-04 2.739877E-04 3.138123E-04 3.033921E-04 3.135038E-04 3.439356E-04 3.174268E-04 3.378839E-04 3.483632E-04 3.541218E-04 3.587305E-04 3.562940E-04 3.623689E-04 3.964758E-04 3.699622E-04 3.583942E-04 3.621616E-04 3.559938E-04 3.438518E-04 3.345653E-04 3.644983E-04 3.415191E-04 3.653268E-04 3.598214E-04 3.224610E-04 3.129457E-04 3.081915E-04 2.783541E-04 2.700303E-04 2.607289E-04 2.317560E-04 2.302592E-04 2.479433E-04 2.344642E-04 2.141784E-04 2.278713E-04 2.122039E-04 2.116281E-04 2.105935E-04 2.057645E-04
 2.126512E-04 2.090645E-04 2.389926E-04 2.208845E-04 2.267202E-04 2.429720E-04 2.493037E-04 2.646628E-04 2.496336E-04 2.583682E-04 2.856483E-04 2.849130E-04 3.295701E-04 3.101158E-04 3.309223E-04 3.573741E-04 3.728014E-04 3.787369E-04 3.963066E-04 3.969364E-04 3.845883E-04 3.592709E-04 3.601440E-04 3.811203E-04 4.039889E-04 4.032579E-04 3.888469E-04 3.894638E-04 3.614131E-04 3.594409E-04 3.845293E-04 3.699627E-04 3.509777E-04 3.429800E-04 3.377598E-04 3.297084E-04 3.134392E-04 2.809774E-04 2.804990E-04 2.732053E-04 2.638979E-04 2.552928E-04 2.643065E-04 2.240889E-04 2.460466E-04 2.218089E-04 2.123379E-04 2.163402E-04 2.088525E-04 2.000099E-04
 2.148192E-04 2.118618E-04 2.288760E-04 2.455054E-04 2.527015E-04 2.421459E-04 2.605932E-04 2.652903E-04 2.614650E-04 2.782082E-04 2.970378E-04 3.221936E-04 3.511087E-04 3.421357E-04 3.471467E-04 3.460616E-04 3.720265E-04 3.978301E-04 3.893925E-04 4.017826E-04 4.031769E-04 3.899391E-04 3.958875E-04 4.069049E-04 4.130354E-04 4.289339E-04 3.809384E-04 4.079677E-04 4.115626E-04 4.192767E-04 4.307723E-04 3.837141E-04 3.715346E-04 3.699227E-04 3.704593E-04 3.612930E-04 3.240509E-04 3.273569E-04 3.094792E-04 2.889626E-04 2.687321E-04 2.580248E-04 2.640674E-04 2.438350E-04 2.492688E-04 2.383521E-04 2.462470E-04 2.396952E-04 2.372059E-04 2.355450E-04
 2.332465E-04 2.181825E-04 2.402921E-04 2.492380E-04 2.961517E-04 3.006500E-04 3.021767E-04 2.332763E-04 2.658485E-04 2.748239E-04 3.062983E-04 3.224246E-04 3.489260E-04 3.546644E-04 3.619960E-04 3.747561E-04 3.894627E-04 4.117292E-04 4.358482E-04 3.926457E-04 3.972164E-04 4.323500E-04 4.489614E-04 4.447697E-04 4.514721E-04 4.613419E-04 4.169679E-04 4.413032E-04 4.349218E-04 4.385850E-04 4.341103E-04 4.131610E-04 4.044275E-04 3.841202E-04 4.073406E-04 3.765340E-04 3.797792E-04 3.475716E-04 3.417281E-04 2.912238E-04 2.779705E-04 2.790508E-04 2.734835E-04 2.649228E-04 2.725232E-04 2.545606E-04 2.618563E-04 2.507491E-04 2.370906E-04 2.499088E-04
 2.611253E-04 2.535792E-04 2.601875E-04 2.802196E-04 2.725089E-04 2.886636E-04 2.960115E-04 2.826647E-04 2.735764E-04 2.914657E-04 3.089299E-04 3.226403E-04 3.258960E-04 3.664555E-04 3.795389E-04 3.912067E-04 4.068919E-04 4.326566E-04 4.533609E-04 4.055042E-04 4.135291E-04 4.533427E-04 4.275523E-04 4.508501E-04 4.758204E-04 4.591756E-04 4.313693E-04 4.552232E-04 4.693854E-04 4.617601E-04 4.393997E-04 3.966518E-04 4.289701E-04 4.341916E-04 4.074805E-04 3.967179E-04 3.783809E-04 3.452319E-04 3.063465E-04 3.025914E-04 2.754874E-04 2.746191E-04 2.571569E-04 2.962641E-04 2.901708E-04 2.856256E-04 2.456760E-04 2.642962E-04 2.621901E-04 2.720955E-04
 2.452870E-04 2.442066E-04 2.502953E-04 2.906345E-04 3.064095E-04 3.004989E-04 2.916862E-04 3.078313E-04 2.797152E-04 2.998450E-04 3.291858E-04 3.451992E-04 3.329228E-04 3.524891E-04 3.873054E-04 3.984111E-04 4.285848E-04 4.571755E-04 4.710159E-04 4.477925E-04 4.656807E-04 4.635314E-04 4.620159E-04 4.715817E-04 4.760073E-04 4.704594E-04 4.555617E-04 4.412077E-04 4.503708E-04 4.556981E-04 4.633330E-04 4.621044E-04 4.331739E-04 4.275830E-04 4.164088E-04 3.843101E-04 4.121916E-04 3.809980E-04 3.480759E-04 3.161364E-04 3.042553E-04 2.779920E-04 2.797735E-04 3.107823E-04 2.820283E-04 2.574704E-04 2.842046E-04 2.891277E-04 2.914152E-04 2.734699E-04
 2.488984E-04 2.736962E-04 2.785031E-04 2.961120E-04 2.884729E-04 3.092373E-04 3.126713E-04 3.075465E-04 3.018299E-04 3.084276E-04 3.566496E-04 3.868363E-04 3.803131E-04 3.860540E-04 4.079513E-04 4.243776E-04 4.481390E-04 4.728184E-04 4.941826E-04 4.798863E-04 4.848126E-04 5.006685E-04 4.949832E-04 5.170657E-04 4.991272E-04 5.006078E-04 4.883446E-04 4.867054E-04 4.977976E-04 5.275024E-04 4.850680E-04 4.596296E-04 4.626037E-04 4.396872E-04 4.092207E-04 4.238998E-04 4.492990E-04 4.091871E-04 3.690563E-04 3.408790E-04 3.222661E-04 3.025644E-04 3.013036E-04 2.982150E-04 2.936022E-04 3.066821E-04 3.198059E-04 2.889477E-04 2.799728E-04 2.723776E-04
 2.708210E-04 2.791481E-04 2.952173E-04 3.090028E-04 3.309199E-04 3.273295E-04 3.231209E-04 3.256090E-04 3.099309E-04 3.387381E-04 3.498351E-04 3.803586E-04 4.111981E-04 4.296488E-04 4.663565E-04 4.761724E-04 4.910404E-04 4.987981E-04 5.138925E-04 5.224008E-04 5.329908E-04 5.007003E-04 5.458911E-04 5.253970E-04 5.383822E-04 5.562036E-04 5.348863E-04 5.197602E-04 5.255612E-04 5.382281E-04 4.972145E-04 4.789557E-04 4.699871E-04 4.466704E-04 4.640415E-04 4.417716E-04 4.183655E-04 4.168640E-04 3.795948E-04 3.680950E-04 3.422102E-04 2.920004E-04 3.016733E-04 2.868586E-04 3.249934E-04 3.186073E-04 2.983173E-04 2.893262E-04 3.067098E-04 2.856119E-04
 2.893229E-04 3.231122E-04 3.048205E-04 3.021753E-04 3.331311E-04 3.296722E-04 3.202958E-04 3.180443E-04 3.100868E-04 3.669304E-04 3.891503E-04 4.133884E-04 4.256841E-04 4.290599E-04 4.329361E-04 4.690677E-04 4.743783E-04 4.956638E-04 4.851208E-04 5.111489E-04 5.286239E-04 5.411381E-04 5.720625E-04 5.726971E-04 5.463072E-04 5.655359E-04 5.576699E-04 5.397148E-04 5.410200E-04 5.324486E-04 5.309987E-04 5.223884E-04 4.914029E-04 4.857967E-04 4.869787E-04 4.644559E-04 4.452291E-04 4.268749E-04 3.961174E-04 3.896822E-04 3.330498E-04 3.289572E-04 3.206268E-04 3.194064E-04 3.078681E-04 3.086751E-04 3.187615E-04 3.090568E-04 2.949610E-04 2.675355E-04
 2.877685E-04 3.171746E-04 3.403113E-04 3.370055E-04 3.645262E-04 3.522092E-04 3.479794E-04 3.523885E-04 3.426319E-04 3.678684E-04 4.127307E-04 4.239737E-04 4.614006E-04 4.489263E-04 4.785782E-04 4.931349E-04 5.203969E-04 5.310209E-04 5.576432E-04 5.554706E-04 5.112600E-04 5.395916E-04 5.848557E-04 5.837289E-04 5.766455E-04 5.888873E-04 5.834144E-04 5.762448E-04 5.589806E-04 5.626780E-04 5.379450E-04 5.464779E-04 5.348506E-04 5.297550E-04 4.788180E-04 4.651572E-04 4.251721E-04 4.282472E-04 4.297324E-04 4.199527E-04 4.047465E-04 3.766814E-04 3.303579E-04 3.557452E-04 3.560846E-04 3.501662E-04 3.303143E-04 3.186157E-04 3.008633E-04 2.920654E-04
 3.012413E-04 3.338455E-04 3.553834E-04 3.620204E-04 3.502188E-04 3.563918E-04 3.856031E-04 3.854204E-04 3.532297E-04 3.804144E-04 4.209555E-04 4.357165E-04 4.416376E-04 4.302052E-04 5.014532E-04 5.214507E-04 5.190436E-04 5.490809E-04 5.496470E-04 5.926015E-04 6.028549E-04 6.124289E-04 6.112942E-04 5.958336E-04 5.999198E-04 6.097829E-04 5.924156E-04 5.966772E-04 5.438657E-04 5.889741E-04 6.207342E-04 5.977269E-04 5.554634E-04 5.533461E-04 5.186850E-04 4.752242E-04 4.638949E-04 4.450080E-04 4.438846E-04 4.359334E-04 4.183798E-04 3.630945E-04 3.546994E-04 3.381219E-04 3.690662E-04 3.629219E-04 3.434926E-04 3.313105E-04 3.076282E-04 2.888511E-04
 3.144267E-04 3.291547E-04 3.461654E-04 3.882040E-04 3.753779E-04 3.722019E-04 4.003766E-04 4.016194E-04 3.838518E-04 4.153456E-04 4.331398E-04 4.772968E-04 5.132086E-04 5.559609E-04 5.622001E-04 5.732731E-04 5.778061E-04 5.777862E-04 5.793694E-04 6.027160E-04 6.339286E-04 6.323033E-04 6.277825E-04 6.244758E-04 6.672865E-04 6.545476E-04 6.521612E-04 6.601105E-04 6.553669E-04 6.278702E-04 6.162205E-04 6.646035E-04 6.103232E-04 5.581210E-04 5.467979E-04 5.524781E-04 5.546162E-04 5.037566E-04 4.819517E-04 4.718407E-04 4.313590E-04 3.769864E-04 3.644266E-04 3.964132E-04 4.024913E-04 3.939087E-04 3.367226E-04 3.379651E-04 3.254221E-04 3.170151E-04
 3.251014E-04 3.524756E-04 3.626209E-04 3.778215E-04 3.721303E-04 4.087818E-04 4.044162E-04 4.235037E-04 4.279427E-04 4.413841E-04 4.949172E-04 5.056207E-04 5.345695E-04 5.729443E-04 5.975728E-04 5.798108E-04 6.408925E-04 6.428068E-04 6.551265E-04 6.491204E-04 6.327378E-04 6.476695E-04 6.586332E-04 6.829697E-04 6.799628E-04 6.568761E-04 6.672388E-04 6.966546E-04 6.647350E-04 6.623829E-04 6.512306E-04 6.421175E-04 6.487149E-04 6.134072E-04 5.808509E-04 6.016517E-04 6.118215E-04 5.532943E-04 5.210727E-04 4.874389E-04 4.603354E-04 3.905325E-04 4.069450E-04 4.284859E-04 3.913796E-04 3.769570E-04 3.610800E-04 3.706490E-04 3.672109E-04 3.617384E-04
 3.538009E-04 3.984681E-04 3.959534E-04 3.945251E-04 4.192854E-04 4.412174E-04 4.688139E-04 4.417506E-04 4.419913E-04 4.618559E-04 5.080822E-04 5.846566E-04 6.067752E-04 6.027045E-04 6.334141E-04 6.484082E-04 6.663061E-04 6.707048E-04 6.935963E-04 6.796893E-04 7.180912E-04 7.203051E-04 6.944232E-04 7.388204E-04 7.271658E-04 7.533086E-04 7.277906E-04 7.211884E-04 7.008246E-04 7.156214E-04 6.857915E-04 6.774321E-04 6.803508E-04 7.126341E-04 6.324316E-04 6.036348E-04 6.103545E-04 5.922725E-04 5.583276E-04 5.211796E-04 4.781691E-04 4.291501E-04 4.672126E-04 3.965253E-04 4.098920E-04 4.032886E-04 3.876403E-04 3.858297E-04 3.796146E-04 3.668455E-04
 3.987922E-04 4.111926E-04 4.332974E-04 4.532413E-04 4.440006E-04 4.658323E-04 4.896336E-04 4.998478E-04 4.902547E-04 5.314288E-04 5.460512E-04 5.856387E-04 6.591071E-04 6.370175E-04 7.022464E-04 6.985096E-04 7.042199E-04 7.347610E-04 7.729626E-04 7.915888E-04 7.980172E-04 7.675576E-04 7.758641E-04 7.759116E-04 8.080017E-04 8.141806E-04 7.905116E-04 7.970063E-04 7.667081E-04 7.740148E-04 7.527680E-04 7.485463E-04 7.328869E-04 7.598874E-04 7.052833E-04 6.867660E-04 6.594562E-04 6.397127E-04 6.141084E-04 5.970810E-04 5.595938E-04 4.785883E-04 4.837732E-04 4.651061E-04 4.518155E-04 4.618766E-04 4.438728E-04 3.989523E-04 4.023488E-04 3.814134E-04
 4.623313E-04 4.908015E-04 5.143444E-04 4.979566E-04 5.573946E-04 5.736332E-04 5.744196E-04 5.525920E-04 5.263794E-04 5.999786E-04 6.356593E-04 6.818384E-04 6.898040E-04 7.343759E-04 7.814271E-04 8.118765E-04 7.985100E-04 8.207052E-04 8.258404E-04 8.616269E-04 8.425134E-04 9.017317E-04 9.106416E-04 8.854714E-04 8.951033E-04 9.095900E-04 9.383214E-04 9.156748E-04 8.802730E-04 8.816538E-04 8.728175E-04 8.452515E-04 8.328775E-04 8.191276E-04 7.803204E-04 7.878282E-04 7.824986E-04 7.460003E-04 7.008052E-04 6.603964E-04 6.146651E-04 5.459246E-04 5.715093E-04 5.638660E-04 5.280087E-04 5.230293E-04 5.012788E-04 4.578287E-04 4.512308E-04 4.353268E-04
 6.266214E-04 6.472904E-04 6.627271E-04 7.184533E-04 7.308219E-04 7.165327E-04 7.119910E-04 7.535847E-04 7.314051E-04 7.879194E-04 8.506526E-04 8.271000E-04 9.044364E-04 9.374880E-04 9.807555E-04 1.028760E-03 1.074947E-03 1.041582E-03 1.119617E-03 1.044761E-03 1.079842E-03 1.122600E-03 1.071442E-03 1.096535E-03 1.083107E-03 1.115848E-03 1.124588E-03 1.142928E-03 1.081158E-03 1.077679E-03 1.118527E-03 1.074679E-03 1.108095E-03 1.028732E-03 1.036334E-03 9.846583E-04 9.839059E-04 9.454170E-04 8.849228E-04 9.054832E-04 8.198216E-04 7.064828E-04 7.294521E-04 7.634622E-04 7.468818E-04 7.128650E-04 7.183044E-04 6.794847E-04 6.717050E-04 6.775644E-04
 1.526634E-03 1.606309E-03 1.615935E-03 1.561304E-03 1.604829E-03 1.674675E-03 1.645222E-03 1.552584E-03 1.401826E-03 1.483806E-03 1.520289E-03 1.545469E-03 1.675291E-03 1.719170E-03 1.703816E-03 1.825424E-03 1.846565E-03 1.853462E-03 1.910981E-03 1.837584E-03 1.820264E-03 1.827690E-03 1.739055E-03 1.770541E-03 1.832160E-03 1.798034E-03 1.819685E-03 1.832109E-03 1.848327E-03 1.781219E-03 1.849287E-03 1.785377E-03 1.719518E-03 1.779223E-03 1.854730E-03 1.718917E-03 1.749641E-03 1.580671E-03 1.548611E-03 1.489722E-03 1.432712E-03 1.394663E-03 1.618118E-03 1.669528E-03 1.591944E-03 1.677680E-03 1.628729E-03 1.557148E-03 1.568808E-03 1.563976E-03
 1.885207E-03 1.895571E-03 1.879294E-03 1.929225E-03 1.950461E-03 1.925955E-03 1.956178E-03 1.910027E-03 1.656900E-03 1.839551E-03 1.840252E-03 1.954821E-03 2.051378E-03 2.031317E-03 2.018002E-03 2.087361E-03 2.112875E-03 2.123633E-03 2.211291E-03 2.038054E-03 2.112778E-03 2.076441E-03 2.116472E-03 2.117570E-03 2.121712E-03 2.151908E-03 2.242175E-03 2.204975E-03 2.198497E-03 2.107749E-03 2.158127E-03 2.065980E-03 2.141450E-03 2.057273E-03 2.122771E-03 2.023472E-03 1.935379E-03 1.911825E-03 1.749807E-03 1.816677E-03 1.819392E-03 1.771730E-03 1.933593E-03 2.017408E-03 2.001937E-03 1.967565E-03 2.022612E-03 1.903484E-03 1.798731E-03 1.818499E-03
 1.912055E-03 1.905105E-03 1.934548E-03 1.932427E-03 1.945019E-03 2.037004E-03 2.045180E-03 1.947005E-03 1.691259E-03 1.842360E-03 1.910192E-03 1.921041E-03 1.995894E-03 2.026020E-03 2.000072E-03 2.146189E-03 2.172759E-03 2.080913E-03 2.117108E-03 2.181916E-03 2.193960E-03 2.136802E-03 2.160029E-03 2.157506E-03 2.247856E-03 2.336954E-03 2.263426E-03 2.201402E-03 2.148360E-03 2.221629E-03 2.261179E-03 2.132019E-03 2.107077E-03 2.152155E-03 2.222834E-03 2.108500E-03 2.111686E-03 2.046753E-03 1.936790E-03 1.885320E-03 1.831482E-03 1.745921E-03 2.007337E-03 2.014127E-03 1.999023E-03 2.125509E-03 2.064838E-03 2.060652E-03 1.988338E-03 1.903441E-03
 1.875334E-03 1.972866E-03 2.006458E-03 2.022057E-03 2.042934E-03 2.034272E-03 2.071781E-03 1.988013E-03 1.661961E-03 1.820096E-03 1.891233E-03 1.938128E-03 1.956859E-03 1.952781E-03 2.053001E-03 2.098170E-03 2.058504E-03 2.168191E-03 2.030175E-03 2.148610E-03 2.296118E-03 2.143995E-03 2.246153E-03 2.212768E-03 2.138430E-03 2.219707E-03 2.226957E-03 2.246281E-03 2.156516E-03 2.183957E-03 2.142217E-03 2.091305E-03 2.169269E-03 2.065483E-03 1.996320E-03 2.109866E-03 2.132258E-03 1.953976E-03 1.872104E-03 1.874206E-03 1.739045E-03 1.683397E-03 1.994115E-03 2.135402E-03 2.048925E-03 2.011814E-03 1.991804E-03 1.989979E-03 1.944900E-03 1.877528E-03
 1.901606E-03 1.919559E-03 1.984058E-03 1.968337E-03 1.946538E-03 1.973790E-03 2.021290E-03 1.842284E-03 1.618208E-03 1.704042E-03 1.852692E-03 1.892090E-03 1.889611E-03 1.989237E-03 2.027152E-03 1.955047E-03 2.042236E-03 2.106411E-03 2.088685E-03 2.212332E-03 2.220661E-03 2.168992E-03 2.129612E-03 2.198799E-03 2.281912E-03 2.132301E-03 2.045955E-03 2.202774E-03 2.113587E-03 1.996717E-03 2.181332E-03 2.092428E-03 2.065942E-03 2.095772E-03 2.032466E-03 1.946796E-03 1.988791E-03 1.986385E-03 1.883443E-03 1.885821E-03 1.772931E-03 1.750748E-03 1.946550E-03 1.986546E-03 1.944647E-03 1.916227E-03 1.876965E-03 1.821906E-03 1.863192E-03 1.829770E-03
 1.502910E-03 1.492429E-03 1.518859E-03 1.597529E-03 1.590568E-03 1.618869E-03 1.683198E-03 1.572518E-03 1.446491E-03 1.390261E-03 1.569912E-03 1.614854E-03 1.599242E-03 1.661359E-03 1.664342E-03 1.705593E-03 1.782746E-03 1.774061E-03 1.739629E-03 1.754577E-03 1.813845E-03 1.886657E-03 1.837115E-03 1.754782E-03 1.753807E-03 1.961019E-03 1.816228E-03 1.854043E-03 1.886092E-03 1.873814E-03 1.802642E-03 1.807306E-03 1.788621E-03 1.768509E-03 1.736507E-03 1.777149E-03 1.795087E-03 1.782423E-03 1.661564E-03 1.561873E-03 1.522628E-03 1.400578E-03 1.600029E-03 1.707641E-03 1.643091E-03 1.634017E-03 1.525470E-03 1.537882E-03 1.570478E-03 1.561370E-03
 6.181269E-04 6.488265E-04 6.761355E-04 6.790156E-04 6.868204E-04 7.070092E-04 7.494597E-04 7.641851E-04 7.038086E-04 7.997575E-04 8.044131E-04 8.839665E-04 9.423033E-04 9.857668E-04 9.962020E-04 1.031868E-03 1.008571E-03 1.032990E-03 1.071215E-03 1.071894E-03 1.065093E-03 1.078311E-03 1.098712E-03 1.116844E-03 1.105692E-03 1.096246E-03 1.085031E-03 1.138197E-03 1.111644E-03 1.087550E-03 1.097370E-03 1.069360E-03 1.063891E-03 1.089149E-03 1.042821E-03 1.033445E-03 9.802138E-04 9.330724E-04 8.954483E-04 8.123544E-04 7.854064E-04 6.825008E-04 7.606615E-04 7.808532E-04 7.268590E-04 7.144056E-04 7.174431E-04 6.741672E-04 6.586310E-04 6.623360E-04
 4.324312E-04 4.526621E-04 4.705403E-04 5.007241E-04 5.107017E-04 5.053645E-04 5.318386E-04 5.512192E-04 5.566830E-04 6.269189E-04 6.457831E-04 6.784554E-04 7.524611E-04 7.517069E-04 8.159170E-04 7.868384E-04 8.346256E-04 8.338858E-04 8.439958E-04 8.610003E-04 8.658226E-04 8.642485E-04 8.941200E-04 8.890536E-04 8.615449E-04 8.289797E-04 8.666325E-04 8.458824E-04 8.464423E-04 9.100635E-04 8.676636E-04 8.861456E-04 8.383561E-04 7.845528E-04 8.252903E-04 8.263207E-04 7.176748E-04 7.227190E-04 6.854621E-04 6.690926E-04 6.037745E-04 5.541936E-04 5.299727E-04 5.343848E-04 5.247980E-04 5.237508E-04 4.827200E-04 4.470231E-04 4.505570E-04 4.641093E-04
 3.650654E-04 3.938204E-04 3.952886E-04 4.583037E-04 4.855339E-04 4.602648E-04 4.683332E-04 5.051787E-04 4.849369E-04 5.447580E-04 5.796910E-04 5.911083E-04 6.433454E-04 6.771857E-04 6.756023E-04 6.839666E-04 7.284577E-04 7.333996E-04 7.691276E-04 7.521428E-04 7.609940E-04 7.595628E-04 7.392022E-04 7.399601E-04 7.430063E-04 7.646762E-04 8.198019E-04 7.924760E-04 7.717871E-04 7.275868E-04 7.611876E-04 7.645686E-04 7.493373E-04 7.635132E-04 7.027836E-04 6.866459E-04 6.685074E-04 6.414887E-04 6.129392E-04 5.907203E-04 5.226223E-04 5.083274E-04 5.013275E-04 4.803779E-04 4.618063E-04 4.369419E-04 4.385398E-04 4.253000E-04 3.926245E-04 3.939445E-04
 3.626507E-04 3.604349E-04 3.887010E-04 4.193120E-04 4.133130E-04 4.247624E-04 4.354099E-04 4.440044E-04 4.329532E-04 4.816818E-04 5.046966E-04 5.434965E-04 5.781576E-04 6.192536E-04 6.680546E-04 6.728150E-04 6.759650E-04 6.753848E-04 7.062231E-04 7.030751E-04 7.215417E-04 7.283336E-04 7.244639E-04 7.213586E-04 6.980494E-04 7.314205E-04 7.383516E-04 7.098872E-04 7.282102E-04 7.156890E-04 6.719196E-04 6.798287E-04 6.712722E-04 6.485207E-04 6.660457E-04 6.375801E-04 6.187201E-04 6.103977E-04 5.725750E-04 5.195247E-04 4.824942E-04 4.650191E-04 4.631467E-04 4.797393E-04 4.017249E-04 3.981231E-04 4.098665E-04 3.876773E-04 3.513103E-04 3.288852E-04
 3.536097E-04 3.524101E-04 3.585765E-04 3.918053E-04 4.121776E-04 4.061909E-04 4.126984E-04 4.019567E-04 4.502188E-04 4.816530E-04 4.851084E-04 5.194220E-04 5.476148E-04 5.680498E-04 5.460160E-04 5.752150E-04 6.287264E-04 6.339235E-04 6.423411E-04 6.368710E-04 6.556282E-04 6.971778E-04 6.822861E-04 6.581722E-04 6.989617E-04 6.964938E-04 7.279976E-04 6.604275E-04 6.287778E-04 6.217763E-04 6.167975E-04 6.340348E-04 6.106300E-04 5.938833E-04 6.211865E-04 5.714122E-04 5.670255E-04 5.269888E-04 5.357675E-04 4.818212E-04 4.354007E-04 3.889297E-04 4.419956E-04 4.334956E-04 4.135656E-04 3.848519E-04 3.721115E-04 3.526250E-04 3.363064E-04 3.365127E-04
 3.306600E-04 3.435619E-04 3.480493E-04 3.733067E-04 3.770224E-04 3.749614E-04 3.982881E-04 3.905408E-04 3.794463E-04 4.289921E-04 4.459687E-04 4.850907E-04 5.028984E-04 5.411633E-04 5.322767E-04 5.561898E-04 5.814064E-04 6.051178E-04 6.083857E-04 6.157692E-04 6.194398E-04 6.317681E-04 6.142423E-04 6.548514E-04 6.454540E-04 6.612392E-04 6.641041E-04 6.453173E-04 6.216445E-04 6.332033E-04 6.298013E-04 6.052983E-04 5.806796E-04 6.019918E-04 5.815311E-04 5.528921E-04 5.319747E-04 5.035249E-04 4.792070E-04 4.512704E-04 4.019806E-04 3.900659E-04 3.703624E-04 3.638099E-04 3.741069E-04 3.732275E-04 3.994475E-04 3.827376E-04 3.284033E-04 3.125356E-04
 3.079775E-04 3.122353E-04 3.588193E-04 3.786320E-04 3.539114E-04 3.596876E-04 3.688452E-04 3.613757E-04 3.622783E-04 4.207458E-04 4.604522E-04 4.823596E-04 4.668892E-04 5.102828E-04 5.181151E-04 5.434103E-04 5.326083E-04 5.716266E-04 5.748047E-04 5.840055E-04 6.058555E-04 5.716060E-04 6.224559E-04 6.636561E-04 6.483861E-04 6.274403E-04 5.938028E-04 6.271391E-04 5.922852E-04 6.198253E-04 5.746128E-04 6.008830E-04 5.959081E-04 5.708403E-04 5.574156E-04 5.108789E-04 4.804743E-04 4.713312E-04 4.384573E-04 4.372039E-04 4.150605E-04 3.800802E-04 3.804814E-04 3.442861E-04 3.369976E-04 3.392974E-04 3.528989E-04 3.298591E-04 3.020473E-04 3.015287E-04
 3.042320E-04 3.058920E-04 3.231960E-04 3.171024E-04 3.225424E-04 3.362385E-04 3.426571E-04 3.560770E-04 3.538850E-04 4.008447E-04 4.298458E-04 4.444832E-04 4.453715E-04 4.813992E-04 4.729689E-04 5.126726E-04 5.330829E-04 5.342800E-04 5.611683E-04 5.462583E-04 5.723676E-04 5.669599E-04 5.934026E-04 5.986621E-04 6.090172E-04 6.271285E-04 5.790602E-04 5.774193E-04 5.985278E-04 5.760485E-04 5.614043E-04 5.598127E-04 5.165253E-04 5.066680E-04 4.995313E-04 4.924357E-04 4.804399E-04 4.483628E-04 4.278412E-04 4.414181E-04 4.022718E-04 3.628834E-04 3.581034E-04 3.417204E-04 3.463087E-04 3.141828E-04 3.206523E-04 3.129085E-04 3.087041E-04 2.960261E-04
 2.917295E-04 2.850471E-04 2.809305E-04 3.119686E-04 3.254415E-04 3.486641E-04 3.708132E-04 3.395055E-04 3.302048E-04 3.855770E-04 4.059127E-04 4.192839E-04 4.258631E-04 4.192632E-04 4.754349E-04 4.729961E-04 4.843667E-04 4.586206E-04 5.102331E-04 5.028660E-04 5.404306E-04 5.652779E-04 5.532724E-04 5.586745E-04 5.538838E-04 5.804504E-04 5.896756E-04 5.485989E-04 5.540887E-04 5.479703E-04 5.669340E-04 5.272872E-04 4.934295E-04 4.722328E-04 4.802035E-04 4.642008E-04 4.401364E-04 4.255358E-04 4.007415E-04 3.661575E-04 3.669385E-04 3.359888E-04 3.236948E-04 3.271879E-04 3.523016E-04 3.485293E-04 3.108700E-04 3.239046E-04 3.063667E-04 2.788468E-04
 2.600718E-04 2.681594E-04 2.920570E-04 2.908432E-04 3.125183E-04 3.382622E-04 3.328024E-04 3.195430E-04 3.216274E-04 3.423018E-04 3.586226E-04 3.947637E-04 3.983551E-04 4.226192E-04 4.271257E-04 4.569774E-04 4.675145E-04 4.551400E-04 4.847707E-04 4.938534E-04 4.978489E-04 5.292715E-04 5.066274E-04 5.014984E-04 5.489149E-04 5.519464E-04 5.499318E-04 5.490793E-04 5.202550E-04 5.410717E-04 4.937662E-04 4.818661E-04 4.621576E-04 4.560819E-04 4.694349E-04 4.657184E-04 4.179799E-04 3.907922E-04 3.796603E-04 3.931254E-04 3.330961E-04 2.945859E-04 3.196852E-04 3.057035E-04 3.212825E-04 3.368529E-04 3.375378E-04 3.008327E-04 2.918409E-04 2.636140E-04
 2.681891E-04 2.567496E-04 2.734846E-04 2.669996E-04 2.829161E-04 3.087228E-04 2.991932E-04 3.016985E-04 3.121298E-04 3.182848E-04 3.515839E-04 3.791831E-04 4.180664E-04 4.244134E-04 4.311545E-04 4.544224E-04 4.397530E-04 4.487183E-04 4.641373E-04 4.911758E-04 4.786858E-04 4.813512E-04 4.938756E-04 4.902963E-04 5.001976E-04 5.055387E-04 4.871529E-04 4.857920E-04 4.999179E-04 5.167176E-04 4.641802E-04 4.514088E-04 4.512748E-04 4.276929E-04 4.540431E-04 4.338720E-04 4.050801E-04 3.869888E-04 3.687877E-04 3.622735E-04 3.297231E-04 2.911765E-04 3.085729E-04 3.068965E-04 2.963007E-04 3.102729E-04 2.881184E-04 2.913317E-04 2.706463E-04 2.507407E-04
 2.584836E-04 2.511985E-04 2.802562E-04 2.994617E-04 2.907328E-04 2.756433E-04 2.817333E-04 2.915646E-04 3.020481E-04 3.022372E-04 3.353490E-04 3.577081E-04 3.862078E-04 4.197867E-04 4.187666E-04 4.128361E-04 4.233811E-04 4.420277E-04 4.393426E-04 4.253844E-04 4.585957E-04 4.666110E-04 4.750561E-04 4.788891E-04 4.760410E-04 4.635808E-04 4.723887E-04 4.694749E-04 4.651446E-04 4.609381E-04 4.523745E-04 4.029605E-04 4.523264E-04 4.244371E-04 4.043790E-04 4.047336E-04 4.020567E-04 3.786490E-04 3.553438E-04 3.239539E-04 2.965673E-04 2.921396E-04 2.957606E-04 2.895173E-04 3.075117E-04 2.898122E-04 2.635116E-04 2.815788E-04 2.827209E-04 2.785247E-04
 2.409057E-04 2.470423E-04 2.442638E-04 2.689004E-04 2.633660E-04 2.683518E-04 2.657950E-04 2.744589E-04 2.793049E-04 3.285985E-04 3.392890E-04 3.421869E-04 3.658413E-04 3.834416E-04 3.895200E-04 3.863032E-04 4.236634E-04 4.575528E-04 4.381850E-04 4.205569E-04 4.563552E-04 4.334017E-04 4.634711E-04 4.272664E-04 4.381836E-04 4.525514E-04 4.495238E-04 4.791462E-04 4.667689E-04 4.474974E-04 4.247756E-04 4.143333E-04 4.251680E-04 4.282791E-04 4.201603E-04 3.925343E-04 3.844133E-04 3.825345E-04 3.672573E-04 3.228697E-04 2.945809E-04 2.548682E-04 2.837768E-04 2.872555E-04 2.865873E-04 3.035290E-04 2.605342E-04 2.769071E-04 2.617949E-04 2.539431E-04
 2.340206E-04 2.486195E-04 2.403994E-04 2.570896E-04 2.642101E-04 2.403682E-04 2.372780E-04 2.799970E-04 2.707305E-04 2.774042E-04 3.029172E-04 3.215611E-04 3.296795E-04 3.631840E-04 3.427226E-04 3.713234E-04 3.882290E-04 4.133175E-04 4.053605E-04 4.226532E-04 4.209075E-04 4.174910E-04 4.412699E-04 4.116161E-04 4.401918E-04 4.229244E-04 4.326645E-04 4.304319E-04 4.422106E-04 4.394603E-04 4.365329E-04 3.981955E-04 3.819499E-04 4.021222E-04 4.042382E-04 3.731028E-04 3.554507E-04 3.489832E-04 3.070879E-04 3.044103E-04 2.731504E-04 2.725830E-04 2.464016E-04 2.737821E-04 2.700707E-04 2.823343E-04 2.689627E-04 2.486891E-04 2.198655E-04 2.280434E-04
 2.203401E-04 2.179781E-04 2.153381E-04 2.344061E-04 2.539908E-04 2.364049E-04 2.624523E-04 2.383051E-04 2.571683E-04 2.397036E-04 2.934338E-04 3.175223E-04 3.064358E-04 3.127934E-04 3.407108E-04 3.492720E-04 3.857358E-04 3.879686E-04 3.820980E-04 4.015580E-04 4.005072E-04 3.984982E-04 4.309564E-04 4.058666E-04 4.166531E-04 4.008785E-04 4.042890E-04 4.219601E-04 3.807858E-04 3.915803E-04 3.713111E-04 3.625165E-04 3.674444E-04 3.522942E-04 3.670182E-04 3.361145E-04 3.322396E-04 3.026960E-04 3.165119E-04 3.086582E-04 2.696385E-04 2.654437E-04 2.649806E-04 2.606224E-04 2.305938E-04 2.570991E-04 2.510699E-04 2.422028E-04 2.372005E-04 2.055967E-04
 2.234117E-04 2.328120E-04 2.300497E-04 2.333242E-04 2.259025E-04 2.402680E-04 2.453680E-04 2.385554E-04 2.327492E-04 2.402843E-04 2.758473E-04 2.979623E-04 3.176177E-04 3.199336E-04 3.562162E-04 3.558198E-04 3.712374E-04 3.805057E-04 3.600076E-04 3.727215E-04 3.724850E-04 3.945706E-04 3.971230E-04 3.948560E-04 3.822208E-04 3.601018E-04 3.755755E-04 3.616672E-04 3.620477E-04 3.593035E-04 3.634965E-04 3.800954E-04 3.673378E-04 3.615954E-04 3.516151E-04 3.097344E-04 2.988030E-04 2.993320E-04 2.723917E-04 2.692337E-04 2.533457E-04 2.427480E-04 2.570180E-04 2.654823E-04 2.416047E-04 2.230851E-04 2.375357E-04 2.239440E-04 2.109753E-04 2.136218E-04
 2.141073E-04 2.098039E-04 2.195445E-04 2.264975E-04 2.155044E-04 2.290676E-04 2.398130E-04 2.123052E-04 2.149349E-04 2.396801E-04 2.750404E-04 2.833429E-04 2.906112E-04 3.133305E-04 3.430938E-04 3.444503E-04 3.592294E-04 3.344460E-04 3.528001E-04 3.622118E-04 3.828919E-04 3.646231E-04 3.976943E-04 3.496241E-04 3.735026E-04 3.363701E-04 3.628350E-04 3.440755E-04 3.726854E-04 3.552413E-04 3.489034E-04 3.530284E-04 3.478089E-04 3.193158E-04 3.418308E-04 2.935244E-04 2.811553E-04 2.957345E-04 2.635105E-04 2.763189E-04 2.315324E-04 2.069316E-04 2.253301E-04 2.506095E-04 2.652931E-04 2.324340E-04 2.385132E-04 2.424492E-04 2.012650E-04 1.836872E-04
 1.858708E-04 2.096870E-04 2.187987E-04 2.020868E-04 1.995128E-04 2.282017E-04 2.163122E-04 2.155881E-04 2.054446E-04 2.288009E-04 2.404288E-04 2.536532E-04 2.500611E-04 2.663892E-04 3.152012E-04 2.954847E-04 3.441955E-04 3.045876E-04 3.097095E-04 3.306579E-04 3.380184E-04 3.452581E-04 3.621066E-04 3.231159E-04 3.680175E-04 3.256682E-04 3.347022E-04 3.163204E-04 3.198576E-04 3.297168E-04 3.152668E-04 3.027103E-04 3.109803E-04 2.966758E-04 3.126465E-04 3.013653E-04 2.838358E-04 2.664302E-04 2.614698E-04 2.423368E-04 2.406147E-04 2.127771E-04 2.233227E-04 2.485388E-04 2.257925E-04 2.119751E-04 2.256998E-04 2.236164E-04 2.196529E-04 1.886563E-04
 1.993798E-04 1.980857E-04 2.077532E-04 1.954165E-04 2.144927E-04 2.046824E-04 2.054198E-04 2.041415E-04 1.959550E-04 2.096625E-04 2.176694E-04 2.181099E-04 2.380407E-04 2.522625E-04 2.578401E-04 2.745123E-04 2.899845E-04 2.842589E-04 2.982219E-04 2.907717E-04 3.210741E-04 3.170030E-04 3.204628E-04 3.285376E-04 2.982164E-04 3.136584E-04 3.209608E-04 2.843387E-04 3.092699E-04 3.000825E-04 3.115604E-04 3.108226E-04 2.942832E-04 2.814245E-04 2.687951E-04 2.884465E-04 2.625847E-04 2.446022E-04 2.483112E-04 2.256792E-04 2.253869E-04 2.086392E-04 2.177133E-04 2.194044E-04 2.290269E-04 2.133187E-04 2.014517E-04 1.925354E-04 2.048388E-04 1.933784E-04
 1.846137E-04 1.819985E-04 1.750985E-04 1.959039E-04 1.833785E-04 1.734812E-04 1.918530E-04 1.960907E-04 1.929305E-04 2.046067E-04 2.245919E-04 2.175690E-04 2.270623E-04 2.162903E-04 2.565757E-04 2.395342E-04 2.498469E-04 2.704854E-04 2.711854E-04 2.490923E-04 2.821874E-04 2.879720E-04 2.900661E-04 2.708962E-04 2.991276E-04 3.035041E-04 2.999037E-04 2.784750E-04 2.993478E-04 2.736759E-04 2.629186E-04 2.603733E-04 2.708295E-04 2.321232E-04 2.336012E-04 2.480418E-04 2.407367E-04 2.358412E-04 2.230718E-04 2.208492E-04 1.884721E-04 1.749985E-04 1.973163E-04 1.851743E-04 2.096721E-04 2.182694E-04 2.041607E-04 1.903424E-04 1.771063E-04 1.866090E-04
 1.616438E-04 1.589057E-04 1.623426E-04 1.557086E-04 1.641231E-04 1.710027E-04 1.917178E-04 1.736620E-04 1.665161E-04 1.852343E-04 1.850680E-04 1.907032E-04 1.959048E-04 2.122496E-04 2.111559E-04 2.259246E-04 2.441265E-04 2.319569E-04 2.304745E-04 2.471569E-04 2.557770E-04 2.580563E-04 2.341342E-04 2.332838E-04 2.597842E-04 2.539144E-04 2.440475E-04 2.492449E-04 2.324568E-04 2.479760E-04 2.675881E-04 2.394041E-04 2.705022E-04 2.324225E-04 2.207587E-04 2.053759E-04 2.117669E-04 2.148705E-04 1.930202E-04 1.758235E-04 1.637512E-04 1.540850E-04 1.749550E-04 1.786206E-04 1.889441E-04 1.903617E-04 1.888639E-04 1.706166E-04 1.723528E-04 1.778878E-04
 1.605746E-04 1.567113E-04 1.598597E-04 1.724903E-04 1.662109E-04 1.659675E-04 1.780195E-04 1.529577E-04 1.625349E-04 1.846778E-04 1.817191E-04 1.700130E-04 1.819016E-04 1.866878E-04 1.786731E-04 2.097166E-04 2.029164E-04 2.049727E-04 1.965850E-04 2.284939E-04 2.297266E-04 2.215574E-04 2.217208E-04 2.375021E-04 2.072539E-04 2.225331E-04 2.099360E-04 2.023467E-04 2.055582E-04 2.049618E-04 2.222372E-04 2.104910E-04 2.160342E-04 2.177936E-04 2.168322E-04 2.107548E-04 1.981879E-04 1.779759E-04 1.751002E-04 1.832163E-04 1.384833E-04 1.550365E-04 1.546711E-04 1.719434E-04 1.690328E-04 1.788513E-04 1.823784E-04 1.668307E-04 1.623058E-04 1.698289E-04
     0.062242     0.065941     0.062906     0.066296     0.064690     0.066141     0.064246     0.068176     0.065151     0.067398     0.061522     0.059399     0.058230     0.058594     0.058460     0.056627     0.053757     0.053812     0.054411     0.052606     0.054548     0.051728     0.053234     0.053735     0.059337     0.052991     0.054204     0.054534     0.054897     0.057126     0.056476     0.057788     0.056305     0.056693     0.058421     0.059183     0.057526     0.061955     0.059273     0.061873     0.065503     0.066350     0.064913     0.069353     0.065921     0.062224     0.065768     0.069934     0.064874     0.062566
     0.060521     0.061288     0.058907     0.061270     0.062341     0.063379     0.064228     0.065401     0.064510     0.066120     0.061102     0.059317     0.061260     0.055527     0.056611     0.051395     0.051966     0.051299     0.051723     0.051729     0.050503     0.049320     0.047463     0.050252     0.050032     0.053239     0.050555     0.050437     0.049730     0.049922     0.051918     0.052135     0.054621     0.053886     0.054010     0.055789     0.059190     0.055282     0.056295     0.056295     0.059549     0.063961     0.062142     0.060404     0.060707     0.061250     0.064124     0.062306     0.060146     0.060573
     0.059289     0.059028     0.062579     0.057583     0.057120     0.057092     0.057873     0.062681     0.058847     0.057934     0.061180     0.058474     0.055378     0.053194     0.052448     0.051862     0.049781     0.048544     0.048608     0.047974     0.047010     0.046955     0.044263     0.047420     0.046754     0.047434     0.047528     0.044071     0.046174     0.049869     0.050597     0.048241     0.050943     0.049794     0.051211     0.049770     0.052332     0.050745     0.052281     0.054362     0.058324     0.058310     0.060260     0.058202     0.059941     0.062320     0.061716     0.061305     0.059483     0.059323
     0.058025     0.059183     0.055817     0.060149     0.056744     0.057158     0.054254     0.055809     0.055855     0.059300     0.054410     0.053713     0.051116     0.052762     0.049450     0.046723     0.048683     0.047411     0.046314     0.046223     0.044448     0.043822     0.043825     0.045725     0.044076     0.044957     0.044914     0.045090     0.045596     0.046144     0.047430     0.044162     0.047837     0.048844     0.048070     0.049172     0.048910     0.049953     0.055901     0.054087     0.055313     0.057831     0.058052     0.058195     0.059021     0.061137     0.061678     0.057803     0.060603     0.058819
     0.057382     0.059305     0.059371     0.056408     0.056735     0.053883     0.054274     0.054538     0.055187     0.053504     0.051883     0.052622     0.050485     0.049122     0.047822     0.045616     0.045571     0.045476     0.043561     0.044926     0.044579     0.041982     0.043801     0.044136     0.043773     0.045340     0.043805     0.043865     0.044849     0.043173     0.044990     0.044927     0.046275     0.047311     0.045815     0.048110     0.047094     0.048351     0.049911     0.056336     0.055302     0.058761     0.059673     0.054349     0.060181     0.060118     0.057649     0.057665     0.055812     0.056047
     0.053728     0.055094     0.054134     0.054285     0.055950     0.052154     0.053440     0.058229     0.052918     0.054039     0.048804     0.050616     0.046092     0.046867     0.046610     0.045491     0.042957     0.042006     0.043306     0.041179     0.042076     0.041177     0.042517     0.041673     0.041990     0.042175     0.041607     0.042650     0.041704     0.042607     0.041631     0.040803     0.043695     0.044652     0.041978     0.046036     0.044835     0.046897     0.050105     0.051232     0.052507     0.054161     0.053297     0.053620     0.056116     0.056547     0.054619     0.055167     0.053966     0.055216
     0.056382     0.054213     0.050728     0.051739     0.050915     0.051656     0.055433     0.052984     0.053897     0.048856     0.051581     0.047047     0.045707     0.046350     0.041953     0.041358     0.041740     0.038764     0.038749     0.041204     0.039626     0.041485     0.040742     0.040399     0.039717     0.040671     0.040167     0.040296     0.041390     0.040827     0.040983     0.042651     0.043238     0.043317     0.044379     0.042583     0.044249     0.048553     0.047188     0.051900     0.048663     0.049447     0.055170     0.053189     0.053287     0.052839     0.053326     0.054866     0.053425     0.055415
     0.056894     0.053916     0.051949     0.050562     0.048623     0.050713     0.049273     0.054434     0.051292     0.047694     0.045830     0.043874     0.043364     0.043020     0.043796     0.040822     0.043078     0.040267     0.042371     0.040077     0.038642     0.039899     0.039766     0.040776     0.039830     0.040333     0.039012     0.039858     0.038720     0.039378     0.040028     0.041306     0.042183     0.041297     0.042392     0.041877     0.042311     0.047060     0.045680     0.049202     0.049854     0.049852     0.050425     0.053691     0.055234     0.049796     0.050206     0.050028     0.048999     0.051323
     0.053429     0.050097     0.054971     0.051393     0.049772     0.048752     0.049720     0.050656     0.051226     0.049303     0.048278     0.043197     0.042292     0.043123     0.040566     0.039567     0.040554     0.038945     0.038595     0.037980     0.038805     0.038622     0.036979     0.037056     0.039565     0.039899     0.037558     0.038325     0.038353     0.037134     0.037431     0.038127     0.037787     0.039951     0.041268     0.039799     0.041713     0.042713     0.047354     0.046857     0.048557     0.049996     0.048120     0.049513     0.051030     0.048200     0.048887     0.049892     0.046567     0.050289
     0.048443     0.049490     0.048482     0.047660     0.047464     0.048005     0.049543     0.047062     0.047415     0.048895     0.046870     0.045440     0.043042     0.043301     0.043615     0.037732     0.038090     0.038642     0.038685     0.037811     0.038411     0.036883     0.037057     0.037663     0.035543     0.035589     0.036085     0.038595     0.038242     0.038151     0.038021     0.038450     0.038249     0.039184     0.038982     0.038720     0.040354     0.042339     0.041959     0.046125     0.048117     0.049671     0.048301     0.048095     0.047257     0.049838     0.049323     0.049648     0.048182     0.048702
     0.047148     0.047057     0.048965     0.048756     0.048468     0.048344     0.048579     0.048694     0.045131     0.043223     0.045474     0.044120     0.041868     0.040719     0.038823     0.037193     0.037767     0.037549     0.035890     0.035607     0.036171     0.036264     0.035104     0.039575     0.038185     0.036220     0.037382     0.035949     0.037095     0.036756     0.037972     0.040096     0.037791     0.036580     0.039082     0.038108     0.041137     0.040847     0.044042     0.042954     0.044301     0.045780     0.047027     0.045721     0.049861     0.048184     0.048406     0.047280     0.048159     0.050195
     0.046786     0.045778     0.046243     0.046632     0.048968     0.047827     0.047245     0.044437     0.046956     0.043558     0.043213     0.041332     0.040403     0.039333     0.038456     0.038047     0.038098     0.037453     0.036767     0.035321     0.034865     0.034600     0.037433     0.036442     0.035152     0.035430     0.035752     0.035463     0.036266     0.037006     0.036158     0.036508     0.037887     0.038916     0.035601     0.040113     0.040495     0.039498     0.042111     0.041665     0.045000     0.046568     0.046446     0.045750     0.046016     0.045287     0.047019     0.047535     0.046236     0.046225
     0.048153     0.045097     0.046517     0.045348     0.046235     0.045953     0.046789     0.046878     0.043805     0.045189     0.041530     0.039672     0.039215     0.038194     0.038346     0.037957     0.036562     0.037374     0.035814     0.036214     0.035545     0.037477     0.034928     0.033553     0.034446     0.034277     0.032260     0.034308     0.037321     0.034363     0.036088     0.036959     0.037837     0.036464     0.036179     0.036501     0.037432     0.038942     0.041081     0.043767     0.045633     0.045981     0.046770     0.043435     0.047935     0.044634     0.044792     0.045000     0.046771     0.046668
     0.042863     0.043402     0.042015     0.046492     0.045086     0.043931     0.044033     0.044421     0.042213     0.043938     0.041822     0.042064     0.038755     0.037550     0.036455     0.036313     0.035046     0.035415     0.034401     0.034040     0.034281     0.033573     0.033709     0.033714     0.033686     0.034096     0.032542     0.035108     0.036550     0.034702     0.036194     0.033984     0.034860     0.035475     0.037364     0.036444     0.037427     0.038553     0.039832     0.040537     0.039914     0.045578     0.044424     0.046392     0.044165     0.043454     0.043305     0.043868     0.044154     0.044141
     0.043611     0.043132     0.041910     0.042329     0.042366     0.042111     0.043154     0.042295     0.044335     0.039658     0.040040     0.036838     0.038716     0.037390     0.036398     0.034651     0.035379     0.034134     0.032370     0.033389     0.032743     0.033694     0.030834     0.032973     0.034474     0.032679     0.034256     0.033174     0.033464     0.034449     0.032778     0.034950     0.033423     0.034855     0.035193     0.037124     0.037426     0.037125     0.036526     0.039795     0.041332     0.041472     0.043061     0.044172     0.045807     0.046920     0.043614     0.044064     0.043958     0.045651
     0.042218     0.041536     0.041540     0.043108     0.041926     0.041531     0.043420     0.041026     0.042047     0.039009     0.039101     0.037320     0.035309     0.035265     0.034407     0.034643     0.032587     0.033690     0.032217     0.032594     0.032824     0.032685     0.032220     0.029993     0.031698     0.032440     0.032168     0.032311     0.031796     0.030891     0.035351     0.035103     0.032555     0.034038     0.034386     0.034183     0.035191     0.037224     0.037200     0.036773     0.040360     0.041317     0.046520     0.043574     0.041612     0.041106     0.044889     0.042042     0.043567     0.043522
     0.042033     0.040486     0.039711     0.040539     0.040584     0.041062     0.040954     0.041375     0.040513     0.038779     0.036311     0.036416     0.037513     0.035383     0.034369     0.032634     0.032794     0.031670     0.030796     0.030598     0.031158     0.032526     0.031266     0.030193     0.032350     0.031536     0.030738     0.030990     0.033154     0.031750     0.030093     0.030479     0.031263     0.031227     0.032238     0.035740     0.035339     0.035548     0.035228     0.036669     0.037899     0.042330     0.041453     0.043080     0.042693     0.041033     0.042371     0.042186     0.044502     0.040130
     0.041006     0.042360     0.040874     0.041194     0.040395     0.040775     0.037898     0.039322     0.039840     0.039171     0.036460     0.034715     0.033819     0.033230     0.030891     0.032207     0.033954     0.032903     0.031039     0.031974     0.031183     0.031270     0.030707     0.030966     0.032278     0.028990     0.030389     0.030028     0.032043     0.031850     0.031442     0.030128     0.030423     0.031568     0.030567     0.032524     0.032931     0.033948     0.034761     0.035421     0.035469     0.039686     0.039302     0.039939     0.041076     0.041972     0.041674     0.041736     0.040751     0.042389
     0.039338     0.039706     0.040933     0.039405     0.039677     0.037641     0.036964     0.038876     0.037753     0.035333     0.035173     0.034496     0.035136     0.032485     0.031984     0.031824     0.030495     0.030699     0.031098     0.030516     0.029920     0.030788     0.029305     0.028462     0.028863     0.029162     0.028765     0.028917     0.029184     0.031803     0.030878     0.030802     0.030717     0.031047     0.030025     0.030639     0.034805     0.032519     0.033540     0.034001     0.035195     0.037618     0.040621     0.038078     0.038845     0.038287     0.038632     0.038628     0.041326     0.041148
     0.039481     0.039337     0.038659     0.038280     0.038548     0.036974     0.037941     0.038690     0.037980     0.035819     0.034799     0.032317     0.033219     0.032119     0.030475     0.029051     0.031058     0.028058     0.030622     0.029054     0.030012     0.027853     0.027920     0.028226     0.029606     0.029124     0.028264     0.027789     0.027924     0.029552     0.028799     0.029751     0.030238     0.030561     0.030088     0.031369     0.029664     0.032482     0.031703     0.033764     0.035694     0.036077     0.036923     0.038294     0.037891     0.038874     0.037969     0.040507     0.040820     0.040785
     0.038837     0.038857     0.039594     0.038387     0.038464     0.037557     0.037903     0.038537     0.036248     0.034246     0.033230     0.030108     0.031793     0.031717     0.030752     0.029894     0.029154     0.028166     0.029786     0.029258     0.028407     0.029561     0.028304     0.027908     0.029205     0.028597     0.028791     0.028768     0.029214     0.029193     0.031101     0.029127     0.029586     0.027822     0.029221     0.029720     0.030010     0.032720     0.031903     0.032231     0.033941     0.036387     0.036570     0.037828     0.038896     0.038448     0.040577     0.038820     0.040737     0.038788
     0.038573     0.038428     0.038261     0.036984     0.037089     0.036667     0.035619     0.035973     0.035195     0.032828     0.032697     0.032019     0.031519     0.032153     0.030818     0.030049     0.028489     0.028910     0.030057     0.029768     0.030083     0.030286     0.028456     0.030209     0.029087     0.029329     0.028471     0.029518     0.030074     0.029321     0.029408     0.028385     0.030096     0.029790     0.030536     0.029146     0.030218     0.030638     0.030428     0.031643     0.033990     0.033948     0.036524     0.036826     0.036460     0.037371     0.036723     0.038106     0.037128     0.037351
     0.029126     0.028687     0.029136     0.029362     0.029821     0.029508     0.029835     0.030650     0.030207     0.029654     0.029493     0.029491     0.028848     0.027968     0.028307     0.027872     0.028982     0.029084     0.028830     0.029903     0.029951     0.029823     0.030177     0.030385     0.030300     0.030266     0.030321     0.030422     0.029754     0.029804     0.029429     0.028983     0.028810     0.028567     0.029081     0.028603     0.028241     0.029076     0.029389     0.029351     0.030316     0.030274     0.030790     0.029681     0.029811     0.029259     0.029084     0.029116     0.029155     0.028558
     0.026421     0.026747     0.027281     0.027299     0.027575     0.027982     0.028212     0.028747     0.028729     0.028120     0.027707     0.027187     0.026895     0.026876     0.026688     0.026967     0.027408     0.027503     0.027941     0.028408     0.028766     0.029124     0.029033     0.028877     0.029084     0.028559     0.028141     0.028536     0.028152     0.028692     0.028357     0.027931     0.027655     0.027314     0.027155     0.027434     0.027334     0.027611     0.027559     0.027614     0.027505     0.028055     0.028596     0.027652     0.027424     0.027064     0.026763     0.026972     0.027338     0.026812
     0.026520     0.026761     0.027106     0.027232     0.027294     0.027437     0.027550     0.028432     0.028870     0.027595     0.027318     0.026706     0.026428     0.026824     0.026800     0.026819     0.027105     0.027143     0.027759     0.027735     0.028541     0.028576     0.028419     0.028216     0.028619     0.028918     0.028306     0.028292     0.028375     0.027907     0.027643     0.027409     0.027056     0.026786     0.026493     0.027041     0.026503     0.026599     0.027421     0.027375     0.027455     0.027874     0.028067     0.027722     0.027237     0.026668     0.026411     0.026120     0.026206     0.026260
     0.026602     0.026457     0.026417     0.026549     0.026876     0.027413     0.027323     0.028570     0.029043     0.027940     0.027450     0.027498     0.027084     0.027284     0.027316     0.027096     0.027361     0.026977     0.027787     0.028078     0.027827     0.028669     0.028225     0.028340     0.028127     0.028622     0.028232     0.028255     0.028397     0.028117     0.027884     0.027134     0.027597     0.027652     0.027095     0.026789     0.026846     0.026972     0.027212     0.027649     0.028093     0.028873     0.027960     0.027155     0.027083     0.027065     0.026895     0.026689     0.026704     0.026636
     0.026619     0.026324     0.026725     0.026783     0.027412     0.027581     0.027940     0.029182     0.029286     0.028417     0.027746     0.027862     0.027141     0.027052     0.027212     0.027610     0.028185     0.027233     0.028142     0.028024     0.027972     0.028680     0.028271     0.028941     0.028941     0.028617     0.028474     0.028280     0.028599     0.028629     0.028319     0.027781     0.027934     0.027657     0.027068     0.026893     0.027047     0.026811     0.026943     0.027060     0.028214     0.028672     0.028428     0.027819     0.027988     0.027636     0.027537     0.027496     0.026932     0.026689
     0.029236     0.029690     0.029960     0.029681     0.029426     0.029574     0.029718     0.031079     0.030556     0.030252     0.029164     0.029597     0.029247     0.029241     0.028623     0.028934     0.028977     0.028849     0.029371     0.029688     0.029129     0.029679     0.029557     0.029670     0.029894     0.029668     0.029756     0.029559     0.029750     0.030345     0.029838     0.029875     0.029245     0.028633     0.028618     0.028312     0.028692     0.028348     0.028886     0.029652     0.029528     0.030854     0.030454     0.029769     0.029569     0.029515     0.029631     0.029630     0.029145     0.028698
     0.038101     0.037499     0.037308     0.036906     0.037702     0.037276     0.036435     0.036008     0.034897     0.033346     0.032244     0.033312     0.031139     0.030098     0.030860     0.029782     0.029179     0.028826     0.029046     0.028961     0.029622     0.028915     0.028713     0.030389     0.029296     0.029310     0.029331     0.029492     0.029609     0.030353     0.029828     0.029019     0.029568     0.029012     0.028835     0.029538     0.030437     0.030178     0.031083     0.032779     0.033241     0.035232     0.036351     0.035719     0.035990     0.037301     0.037747     0.038014     0.037330     0.038376
     0.039746     0.039915     0.039702     0.039472     0.037377     0.036697     0.038971     0.037313     0.035575     0.035281     0.032715     0.030963     0.031287     0.030158     0.031193     0.028939     0.028511     0.028615     0.030234     0.030311     0.027748     0.028024     0.029880     0.028648     0.028674     0.027577     0.029245     0.028712     0.029547     0.029176     0.028178     0.029303     0.028374     0.029299     0.028376     0.030292     0.029084     0.029906     0.031454     0.033938     0.034863     0.036370     0.035570     0.037918     0.037723     0.037506     0.037867     0.039413     0.039562     0.039983
     0.040614     0.039175     0.038442     0.039060     0.040147     0.038118     0.041084     0.039097     0.034487     0.034669     0.034467     0.032925     0.029732     0.030982     0.029708     0.029558     0.029806     0.029628     0.030022     0.029030     0.030531     0.029461     0.028747     0.029003     0.029602     0.029016     0.029770     0.029509     0.028284     0.029239     0.029107     0.029830     0.028769     0.030327     0.030638     0.031264     0.032034     0.032989     0.032496     0.034605     0.035109     0.035923     0.039160     0.037255     0.037942     0.038991     0.040099     0.039648     0.039296     0.039774
     0.041660     0.041069     0.040022     0.040026     0.037502     0.038140     0.039096     0.037951     0.036288     0.034999     0.032756     0.032910     0.031384     0.031577     0.031570     0.031286     0.032127     0.030140     0.031921     0.031408     0.029603     0.029712     0.029070     0.029645     0.028831     0.029006     0.029463     0.029652     0.028938     0.029366     0.029489     0.028557     0.030478     0.030491     0.031947     0.032173     0.032568     0.033900     0.033489     0.035244     0.035310     0.038457     0.039566     0.038989     0.039756     0.042135     0.039515     0.039526     0.041651     0.040488
     0.040837     0.041826     0.038668     0.040506     0.039169     0.039785     0.038988     0.039062     0.040197     0.036000     0.035218     0.033800     0.034149     0.034142     0.032317     0.032541     0.032917     0.031538     0.031677     0.030253     0.030689     0.030863     0.030375     0.029664     0.030211     0.030132     0.030223     0.029386     0.033328     0.031753     0.030664     0.031282     0.031378     0.032801     0.031994     0.033056     0.034637     0.033415     0.036978     0.034401     0.036432     0.040430     0.039495     0.040564     0.039230     0.039663     0.041774     0.041860     0.041986     0.043247
     0.043219     0.041637     0.039977     0.041593     0.042131     0.040168     0.042066     0.041119     0.039546     0.036697     0.036866     0.035133     0.034704     0.034685     0.032369     0.033671     0.032768     0.031583     0.033601     0.030612     0.032858     0.032002     0.030002     0.031478     0.032364     0.031374     0.031622     0.031084     0.030890     0.031807     0.029760     0.031445     0.032432     0.035119     0.032717     0.035032     0.033475     0.035613     0.036772     0.034615     0.037517     0.042496     0.041200     0.041671     0.041186     0.040877     0.041422     0.043216     0.043246     0.045328
     0.046513     0.041550     0.042694     0.042467     0.041726     0.042116     0.040954     0.041126     0.040520     0.039364     0.037690     0.035564     0.035658     0.035485     0.035346     0.034327     0.033278     0.033863     0.032010     0.032503     0.035573     0.033135     0.032415     0.033598     0.032424     0.032680     0.032265     0.031345     0.031871     0.033127     0.032449     0.034154     0.033881     0.033112     0.034075     0.034210     0.033561     0.035814     0.036839     0.040391     0.039854     0.041544     0.041705     0.041482     0.041908     0.043032     0.039491     0.042532     0.042549     0.043935
     0.043061     0.045994     0.044445     0.044633     0.044337     0.043508     0.042032     0.043994     0.041452     0.039544     0.038014     0.038535     0.036759     0.037422     0.035795     0.034677     0.035996     0.035021     0.033978     0.036141     0.036765     0.034840     0.034336     0.034223     0.032803     0.032290     0.032529     0.034157     0.032089     0.032723     0.033768     0.035900     0.034554     0.034676     0.035656     0.034753     0.035294     0.036077     0.037183     0.040465     0.040938     0.041956     0.043083     0.042931     0.041236     0.041859     0.044007     0.043895     0.043298     0.045361
     0.044006     0.047122     0.046384     0.043996     0.044536     0.041864     0.043149     0.043736     0.045957     0.045026     0.039731     0.040579     0.039525     0.036484     0.036583     0.035142     0.036795     0.035950     0.034197     0.035969     0.034745     0.033568     0.033120     0.035364     0.031915     0.036108     0.034993     0.034081     0.033600     0.034241     0.033339     0.035055     0.036592     0.036759     0.037499     0.037758     0.035715     0.038748     0.039655     0.040984     0.041470     0.044760     0.045564     0.046445     0.043327     0.044740     0.045794     0.044656     0.045292     0.046846
     0.048955     0.046926     0.045549     0.042405     0.044696     0.043378     0.045660     0.045625     0.046395     0.044312     0.042422     0.040823     0.040763     0.039162     0.037705     0.036640     0.040759     0.036164     0.037392     0.034163     0.035616     0.034979     0.035044     0.032808     0.034043     0.034267     0.034193     0.034423     0.035121     0.035381     0.034488     0.035537     0.034963     0.035629     0.036976     0.039712     0.036797     0.040923     0.040812     0.040517     0.041877     0.042976     0.045371     0.045929     0.049016     0.042513     0.046016     0.045494     0.047271     0.045842
     0.047740     0.047255     0.046287     0.045388     0.047683     0.044326     0.048228     0.045753     0.047886     0.044547     0.043823     0.038955     0.040947     0.038461     0.037140     0.038968     0.037832     0.037245     0.036722     0.037070     0.037378     0.035002     0.035959     0.036734     0.036476     0.034923     0.033992     0.035799     0.035193     0.035728     0.035682     0.036279     0.037412     0.037767     0.039350     0.037819     0.038988     0.041798     0.041584     0.044244     0.043810     0.045154     0.048521     0.049330     0.047855     0.047024     0.046730     0.046746     0.044859     0.048767
     0.048942     0.049205     0.048763     0.047280     0.047878     0.048182     0.048843     0.048676     0.047466     0.046902     0.043778     0.042331     0.042186     0.041796     0.039338     0.038681     0.039105     0.040131     0.038470     0.035168     0.036111     0.034458     0.034655     0.037765     0.036954     0.037215     0.035983     0.036033     0.038000     0.035967     0.037755     0.036610     0.037857     0.036879     0.037376     0.038478     0.039794     0.044066     0.041725     0.042557     0.043728     0.047711     0.046490     0.048701     0.046388     0.046684     0.048045     0.047971     0.049130     0.048349
     0.049889     0.050034     0.046362     0.048701     0.050034     0.050275     0.047862     0.051000     0.048864     0.046254     0.043392     0.044873     0.043114     0.041555     0.041487     0.040456     0.040423     0.038952     0.037279     0.038279     0.039340     0.038881     0.037893     0.037771     0.038298     0.036601     0.036722     0.036983     0.036584     0.039067     0.038467     0.038518     0.039470     0.041262     0.038170     0.040319     0.040131     0.044702     0.044361     0.044797     0.045367     0.050495     0.050709     0.049077     0.049187     0.046763     0.049192     0.049875     0.051023     0.049620
     0.051442     0.051007     0.049125     0.053256     0.050650     0.049504     0.048670     0.051556     0.050944     0.048827     0.050001     0.041957     0.045092     0.042273     0.042221     0.040796     0.040698     0.041083     0.040267     0.040907     0.040197     0.038039     0.037943     0.038258     0.039725     0.038734     0.038550     0.039683     0.038106     0.040153     0.040483     0.038499     0.039805     0.041640     0.042246     0.043229     0.043275     0.043253     0.045891     0.048707     0.047810     0.053095     0.048995     0.054434     0.051212     0.049665     0.050299     0.049677     0.048862     0.051908
     0.055858     0.053865     0.052313     0.055032     0.049004     0.053228     0.052540     0.051918     0.052881     0.048534     0.049000     0.047162     0.044737     0.043176     0.041821     0.040131     0.039563     0.040362     0.039337     0.040750     0.039577     0.038569     0.039795     0.038529     0.039591     0.040100     0.039086     0.038937     0.040199     0.041399     0.040857     0.043390     0.042385     0.041234     0.042271     0.041511     0.043516     0.044731     0.045660     0.049541     0.048039     0.051986     0.050996     0.049258     0.053419     0.050446     0.052910     0.050988     0.053655     0.053621
     0.051098     0.054526     0.054860     0.053801     0.054580     0.051176     0.051275     0.053222     0.055274     0.051840     0.050712     0.045574     0.046898     0.044563     0.043721     0.042255     0.043292     0.042006     0.040710     0.040025     0.039492     0.039086     0.039032     0.039972     0.041058     0.040001     0.041695     0.042154     0.044067     0.044252     0.041344     0.042616     0.041175     0.043239     0.043040     0.045519     0.044894     0.048458     0.047662     0.046179     0.050572     0.051410     0.050055     0.048589     0.052740     0.056809     0.051724     0.055356     0.053393     0.054944
     0.056009     0.059202     0.053054     0.054380     0.054614     0.054860     0.056372     0.054834     0.054568     0.050079     0.048733     0.046938     0.047397     0.044742     0.046387     0.045732     0.044285     0.043129     0.041313     0.042176     0.041036     0.041443     0.041425     0.042310     0.042830     0.042581     0.043996     0.043356     0.042465     0.042647     0.043035     0.043634     0.044393     0.043514     0.047515     0.048319     0.048190     0.048921     0.049177     0.050260     0.052858     0.052254     0.054141     0.051715     0.052072     0.051866     0.050073     0.052973     0.055556     0.053962
     0.055370     0.056439     0.058907     0.057324     0.055546     0.057199     0.055635     0.057900     0.054198     0.056029     0.051143     0.050038     0.052186     0.046980     0.049474     0.044463     0.046100     0.046357     0.044268     0.044189     0.044702     0.043949     0.045153     0.043073     0.043467     0.043553     0.044161     0.043318     0.043383     0.044551     0.043554     0.043489     0.046405     0.045252     0.048516     0.047149     0.047937     0.048416     0.050443     0.050683     0.054084     0.054551     0.059996     0.056872     0.056004     0.054193     0.052873     0.054439     0.055909     0.055901
     0.061321     0.054045     0.056550     0.058281     0.056473     0.057574     0.056408     0.059262     0.057215     0.057587     0.053628     0.053377     0.052196     0.050387     0.052541     0.050315     0.048089     0.049115     0.047927     0.045629     0.046271     0.046853     0.044442     0.043904     0.044602     0.047536     0.043565     0.046822     0.043643     0.046751     0.045655     0.046860     0.048313     0.047946     0.049819     0.050532     0.052164     0.048751     0.053133     0.053516     0.057394     0.055999     0.056961     0.058033     0.055945     0.055870     0.054425     0.054324     0.053570     0.054254
     0.056135     0.057554     0.058570     0.060197     0.061183     0.061066     0.063117     0.060755     0.062002     0.058581     0.055314     0.056515     0.053041     0.052551     0.052331     0.051005     0.050080     0.049566     0.046992     0.046783     0.050073     0.048016     0.046409     0.045517     0.047771     0.047289     0.046320     0.047303     0.045635     0.047906     0.050918     0.050067     0.050110     0.051237     0.049427     0.054429     0.052653     0.052908     0.052414     0.058334     0.064157     0.063682     0.063095     0.058593     0.057451     0.056306     0.056178     0.057282     0.057390     0.056216
     0.062007     0.064261     0.065585     0.064463     0.061296     0.064418     0.061678     0.065914     0.061041     0.062037     0.060311     0.059959     0.057281     0.057434     0.055490     0.053720     0.052919     0.054229     0.049886     0.049894     0.049691     0.049372     0.050840     0.052911     0.052254     0.051952     0.050887     0.051777     0.051156     0.053136     0.053700     0.050746     0.053901     0.055889     0.056470     0.058716     0.058602     0.058835     0.058487     0.060771     0.062906     0.063025     0.068988     0.064049     0.065084     0.060034     0.057954     0.058263     0.058401     0.057110
     0.060003     0.059086     0.062950     0.064492     0.063367     0.065425     0.067439     0.065244     0.062818     0.065843     0.067482     0.064203     0.060190     0.060385     0.059485     0.061233     0.057410     0.056543     0.057064     0.053751     0.058010     0.058820     0.056235     0.054779     0.056234     0.055366     0.054968     0.056838     0.057280     0.057476     0.056303     0.052902     0.056910     0.056618     0.058478     0.056893     0.058602     0.058648     0.064097     0.069943     0.064753     0.067774     0.067053     0.063769     0.064992     0.060322     0.062556     0.063912     0.059554     0.059399
