MCNP(X) Input File                                            07/26/19 10:30:53 
 1  mcnp      6                          05/08/13  10000000
     0
    10     1    51     2    51     1  2500     1  2500     1     0     0     0     0     0     0     0     0     0
  0.00000     0.100000E+37
     0
     0
 -3.00000     -2.88000     -2.76000     -2.64000     -2.52000     -2.40000     -2.28000     -2.16000     -2.04000     -1.92000     -1.80000     -1.68000     -1.56000     -1.44000     -1.32000     -1.20000     -1.08000     -.960000     -.840000     -.720000     -.600000     -.480000     -.360000     -.240000     -.120000     0.166533E-14 0.120000     0.240000     0.360000     0.480000     0.600000     0.720000     0.840000     0.960000      1.08000      1.20000      1.32000      1.44000      1.56000      1.68000      1.80000      1.92000      2.04000      2.16000      2.28000      2.40000      2.52000      2.64000      2.76000      2.88000      3.00000    
  20.0000      22.0000    
 -5.00000     -4.80000     -4.60000     -4.40000     -4.20000     -4.00000     -3.80000     -3.60000     -3.40000     -3.20000     -3.00000     -2.80000     -2.60000     -2.40000     -2.20000     -2.00000     -1.80000     -1.60000     -1.40000     -1.20000     -1.00000     -.800000     -.600000     -.400000     -.200000     0.216493E-14 0.200000     0.400000     0.600000     0.800000      1.00000      1.20000      1.40000      1.60000      1.80000      2.00000      2.20000      2.40000      2.60000      2.80000      3.00000      3.20000      3.40000      3.60000      3.80000      4.00000      4.20000      4.40000      4.60000      4.80000      5.00000    
 1.604358E-04 1.554855E-04 1.407574E-04 1.667574E-04 1.477476E-04 1.619410E-04 1.583201E-04 1.395503E-04 1.344300E-04 1.475969E-04 1.605025E-04 1.541447E-04 1.660394E-04 1.676141E-04 1.715136E-04 1.640281E-04 1.915743E-04 1.861210E-04 2.188770E-04 1.960160E-04 2.135584E-04 2.045273E-04 2.154175E-04 2.058752E-04 1.959578E-04 1.931029E-04 2.184959E-04 2.068811E-04 2.067943E-04 2.138417E-04 2.055316E-04 1.832510E-04 1.886129E-04 1.958489E-04 1.718617E-04 1.796955E-04 1.758468E-04 1.781049E-04 1.697466E-04 1.483803E-04 1.420332E-04 1.444656E-04 1.589434E-04 1.798841E-04 1.611871E-04 1.749853E-04 1.690277E-04 1.383165E-04 1.306487E-04 1.238974E-04
 1.571367E-04 1.651809E-04 1.587895E-04 1.544758E-04 1.860161E-04 1.659762E-04 1.603037E-04 1.561072E-04 1.667692E-04 1.510248E-04 1.799525E-04 1.693600E-04 1.860738E-04 1.874626E-04 1.966302E-04 2.029377E-04 2.009557E-04 2.230360E-04 2.349975E-04 2.420377E-04 2.490810E-04 2.459310E-04 2.414677E-04 2.195930E-04 2.443638E-04 2.502227E-04 2.514981E-04 2.553180E-04 2.510679E-04 2.228928E-04 2.256847E-04 2.036897E-04 2.244700E-04 2.159193E-04 2.181219E-04 2.141180E-04 1.869031E-04 2.031741E-04 2.043249E-04 2.019529E-04 1.681595E-04 1.628580E-04 1.749802E-04 1.669602E-04 1.643197E-04 1.586450E-04 1.567303E-04 1.576472E-04 1.422030E-04 1.425276E-04
 1.531556E-04 1.587142E-04 1.685921E-04 1.782551E-04 1.749264E-04 1.866049E-04 1.740411E-04 1.697654E-04 1.774953E-04 1.802699E-04 1.895580E-04 1.908576E-04 2.089997E-04 2.281999E-04 2.236836E-04 2.262658E-04 2.270297E-04 2.457773E-04 2.504827E-04 2.493538E-04 2.755339E-04 2.835372E-04 2.692777E-04 2.624087E-04 2.773824E-04 2.605775E-04 2.650440E-04 2.608424E-04 2.750881E-04 2.797277E-04 2.576273E-04 2.513476E-04 2.529274E-04 2.508642E-04 2.489368E-04 2.323016E-04 2.277007E-04 2.055363E-04 2.112996E-04 2.034449E-04 2.008973E-04 1.799006E-04 1.857355E-04 1.781661E-04 1.670968E-04 1.645712E-04 1.647711E-04 1.615388E-04 1.641591E-04 1.660211E-04
 1.572524E-04 1.718874E-04 1.694032E-04 1.738512E-04 1.969419E-04 2.095414E-04 1.862467E-04 1.844044E-04 1.882365E-04 2.186996E-04 2.134668E-04 2.328740E-04 2.383786E-04 2.450248E-04 2.304981E-04 2.367219E-04 2.579520E-04 2.703011E-04 2.922716E-04 3.008967E-04 2.880889E-04 2.829406E-04 2.864231E-04 3.092914E-04 2.903671E-04 2.809458E-04 2.916047E-04 2.914315E-04 2.915533E-04 2.976725E-04 2.737668E-04 2.620436E-04 2.939215E-04 2.732012E-04 2.614643E-04 2.670146E-04 2.477731E-04 2.293229E-04 2.426651E-04 2.204047E-04 2.135357E-04 1.887421E-04 1.944050E-04 1.896798E-04 1.947923E-04 1.860166E-04 1.960157E-04 1.752721E-04 1.802152E-04 1.660643E-04
 1.815517E-04 1.870885E-04 1.976788E-04 1.794544E-04 2.065474E-04 2.114193E-04 2.047243E-04 1.883224E-04 1.862928E-04 2.112700E-04 2.113292E-04 2.401018E-04 2.464159E-04 2.599970E-04 2.862766E-04 2.658275E-04 2.601787E-04 2.713753E-04 2.808619E-04 2.945075E-04 2.812053E-04 2.890464E-04 3.054644E-04 3.329757E-04 3.113973E-04 3.051975E-04 3.023999E-04 3.026800E-04 3.085042E-04 2.918810E-04 2.964151E-04 3.056032E-04 3.017433E-04 3.061751E-04 2.683389E-04 2.881591E-04 2.641397E-04 2.492133E-04 2.212684E-04 2.388962E-04 2.092857E-04 2.069037E-04 2.076316E-04 2.058675E-04 2.132318E-04 1.942074E-04 1.866598E-04 1.951670E-04 1.915990E-04 1.854417E-04
 1.699843E-04 2.012283E-04 2.000232E-04 1.759035E-04 2.211533E-04 1.976335E-04 2.097521E-04 2.342944E-04 2.051767E-04 2.132705E-04 2.189547E-04 2.455246E-04 2.784673E-04 2.769901E-04 3.002786E-04 3.002144E-04 2.868163E-04 3.032325E-04 3.124086E-04 3.038066E-04 3.102096E-04 3.012895E-04 3.220491E-04 3.554353E-04 3.406879E-04 3.240721E-04 3.241538E-04 3.233462E-04 3.188743E-04 3.094885E-04 3.207257E-04 3.137471E-04 3.247116E-04 3.217210E-04 2.963256E-04 2.706860E-04 2.743897E-04 2.466263E-04 2.518386E-04 2.338085E-04 2.187288E-04 2.139189E-04 2.266656E-04 2.193572E-04 2.006168E-04 2.047679E-04 1.902409E-04 1.937834E-04 1.940460E-04 1.871214E-04
 1.976931E-04 1.830282E-04 1.972317E-04 1.934670E-04 2.151960E-04 2.272452E-04 2.218149E-04 2.398550E-04 2.323602E-04 2.255412E-04 2.515439E-04 2.483856E-04 2.810666E-04 2.765451E-04 2.876592E-04 3.032213E-04 3.268996E-04 3.238380E-04 3.381084E-04 3.662009E-04 3.502151E-04 3.256166E-04 3.303933E-04 3.514455E-04 3.716627E-04 3.622153E-04 3.485296E-04 3.411425E-04 3.347400E-04 3.309632E-04 3.548988E-04 3.368200E-04 3.150064E-04 3.211717E-04 3.043479E-04 2.776539E-04 2.841897E-04 2.596354E-04 2.632249E-04 2.408869E-04 2.415474E-04 2.249293E-04 2.515956E-04 2.065150E-04 2.118777E-04 2.034864E-04 1.852249E-04 1.964465E-04 1.940315E-04 1.828791E-04
 2.107462E-04 1.984325E-04 1.959443E-04 2.213785E-04 2.144928E-04 2.168950E-04 2.310855E-04 2.396441E-04 2.444732E-04 2.519757E-04 2.683953E-04 2.789479E-04 3.048199E-04 2.965099E-04 3.040718E-04 3.055200E-04 3.312864E-04 3.512759E-04 3.560303E-04 3.645687E-04 3.540477E-04 3.573371E-04 3.754095E-04 3.662019E-04 3.762228E-04 3.888249E-04 3.542773E-04 3.742573E-04 3.793098E-04 3.816321E-04 3.707890E-04 3.436566E-04 3.441580E-04 3.329572E-04 3.332065E-04 3.134776E-04 2.858228E-04 2.938546E-04 2.742625E-04 2.517627E-04 2.368691E-04 2.422781E-04 2.377803E-04 2.246383E-04 2.266850E-04 2.104653E-04 2.165978E-04 2.039252E-04 1.889700E-04 1.970296E-04
 2.130794E-04 1.991450E-04 2.158183E-04 2.369657E-04 2.552850E-04 2.595080E-04 2.505461E-04 2.231795E-04 2.337259E-04 2.449982E-04 2.794244E-04 2.867719E-04 3.042205E-04 3.152974E-04 3.218822E-04 3.281646E-04 3.400943E-04 3.491152E-04 3.886126E-04 3.468935E-04 3.568375E-04 3.751348E-04 3.974203E-04 4.012520E-04 4.029194E-04 4.066941E-04 3.941729E-04 4.051446E-04 3.885463E-04 3.996935E-04 3.959687E-04 3.780830E-04 3.642254E-04 3.229893E-04 3.555854E-04 3.310282E-04 3.190276E-04 3.070747E-04 3.080357E-04 2.539158E-04 2.540897E-04 2.422834E-04 2.380446E-04 2.319707E-04 2.495085E-04 2.275997E-04 2.237643E-04 2.109231E-04 1.918311E-04 2.099585E-04
 2.339696E-04 2.184363E-04 2.325598E-04 2.414454E-04 2.409937E-04 2.497378E-04 2.590337E-04 2.506042E-04 2.424797E-04 2.551636E-04 2.758310E-04 2.832177E-04 2.940720E-04 3.176104E-04 3.324814E-04 3.430870E-04 3.646197E-04 3.698484E-04 3.880326E-04 3.687857E-04 3.662368E-04 3.831780E-04 3.828627E-04 4.151475E-04 4.068355E-04 3.926990E-04 3.934344E-04 4.170056E-04 4.076791E-04 3.962091E-04 3.979472E-04 3.534377E-04 3.736724E-04 3.719347E-04 3.567823E-04 3.363140E-04 3.275317E-04 3.052651E-04 2.775113E-04 2.806640E-04 2.553593E-04 2.401091E-04 2.221458E-04 2.491955E-04 2.421195E-04 2.530809E-04 2.194933E-04 2.284444E-04 2.167930E-04 2.303479E-04
 2.041047E-04 2.079533E-04 2.198530E-04 2.510470E-04 2.662822E-04 2.485374E-04 2.508527E-04 2.634022E-04 2.572893E-04 2.629572E-04 2.913689E-04 3.164844E-04 2.955695E-04 3.136117E-04 3.415452E-04 3.556950E-04 3.701898E-04 3.896132E-04 3.936097E-04 3.846318E-04 4.009781E-04 3.994267E-04 3.983517E-04 4.277368E-04 4.273822E-04 4.264960E-04 4.131254E-04 3.906779E-04 3.981782E-04 3.955382E-04 4.132672E-04 3.931859E-04 3.796478E-04 3.688047E-04 3.479725E-04 3.257809E-04 3.722913E-04 3.298146E-04 3.214890E-04 2.805915E-04 2.597121E-04 2.368131E-04 2.357585E-04 2.636499E-04 2.610489E-04 2.366299E-04 2.378373E-04 2.488868E-04 2.464036E-04 2.446610E-04
 2.108872E-04 2.286249E-04 2.417273E-04 2.527460E-04 2.501408E-04 2.712361E-04 2.647204E-04 2.541656E-04 2.650507E-04 2.859530E-04 3.201780E-04 3.396178E-04 3.339691E-04 3.262454E-04 3.593523E-04 3.744593E-04 3.929547E-04 4.245934E-04 4.255001E-04 3.985875E-04 3.968881E-04 3.854135E-04 4.385427E-04 4.427136E-04 4.403131E-04 4.179416E-04 4.146309E-04 4.193846E-04 4.272725E-04 4.484608E-04 4.327923E-04 3.870789E-04 3.949533E-04 3.799755E-04 3.669904E-04 3.665483E-04 3.711012E-04 3.403235E-04 3.288265E-04 2.968253E-04 2.911887E-04 2.804574E-04 2.513593E-04 2.447058E-04 2.451127E-04 2.593506E-04 2.775941E-04 2.423512E-04 2.399623E-04 2.355866E-04
 2.289443E-04 2.286578E-04 2.662563E-04 2.638407E-04 2.827202E-04 2.863552E-04 2.923847E-04 2.926533E-04 2.527782E-04 2.980969E-04 3.228315E-04 3.399702E-04 3.535178E-04 3.789288E-04 3.914550E-04 4.031482E-04 4.056603E-04 4.378329E-04 4.351125E-04 4.455600E-04 4.321805E-04 4.234260E-04 4.611241E-04 4.472244E-04 4.459394E-04 4.587178E-04 4.338431E-04 4.295596E-04 4.589424E-04 4.499126E-04 4.285043E-04 4.092771E-04 4.108081E-04 4.105575E-04 3.947276E-04 3.636483E-04 3.529659E-04 3.785909E-04 3.472216E-04 3.294420E-04 3.083821E-04 2.547990E-04 2.467604E-04 2.417453E-04 2.633875E-04 2.802364E-04 2.591382E-04 2.413441E-04 2.607178E-04 2.247360E-04
 2.437232E-04 2.793153E-04 2.417118E-04 2.541467E-04 2.737586E-04 2.758212E-04 2.673215E-04 2.837121E-04 2.559588E-04 3.002819E-04 3.224045E-04 3.609270E-04 3.670452E-04 3.682474E-04 3.885937E-04 4.081747E-04 3.998421E-04 4.080729E-04 4.074011E-04 4.432553E-04 4.084101E-04 4.229316E-04 4.796835E-04 4.745135E-04 4.447611E-04 4.659856E-04 4.589324E-04 4.446488E-04 4.740351E-04 4.596187E-04 4.488815E-04 4.274178E-04 4.249421E-04 4.242921E-04 4.172909E-04 3.908594E-04 3.958547E-04 3.861645E-04 3.613238E-04 3.414134E-04 2.959640E-04 2.770382E-04 2.524464E-04 2.684363E-04 2.542052E-04 2.645718E-04 2.720703E-04 2.637611E-04 2.460929E-04 2.241606E-04
 2.503863E-04 2.473853E-04 2.678771E-04 2.743422E-04 2.958160E-04 3.002789E-04 2.829340E-04 2.841580E-04 2.897778E-04 3.025298E-04 3.342455E-04 3.555964E-04 3.875940E-04 3.655522E-04 4.203631E-04 4.158327E-04 4.354783E-04 4.728618E-04 4.621557E-04 4.476976E-04 4.428416E-04 4.722867E-04 4.775081E-04 4.769521E-04 4.699521E-04 4.773580E-04 4.903954E-04 4.663426E-04 4.622490E-04 4.761808E-04 4.408504E-04 4.538828E-04 4.370221E-04 4.335380E-04 4.146727E-04 4.193180E-04 3.900982E-04 3.733920E-04 3.515230E-04 3.637518E-04 3.129303E-04 3.044837E-04 2.762861E-04 3.032250E-04 2.929115E-04 2.921020E-04 2.798890E-04 2.493345E-04 2.567498E-04 2.370824E-04
 2.493528E-04 2.694076E-04 2.750426E-04 2.921078E-04 3.008138E-04 2.943984E-04 3.151709E-04 3.054614E-04 2.951371E-04 3.173290E-04 3.396887E-04 3.566321E-04 3.578215E-04 3.543875E-04 4.097356E-04 4.343368E-04 4.171261E-04 4.797437E-04 4.375860E-04 4.788499E-04 5.036111E-04 5.239107E-04 5.111383E-04 4.956441E-04 5.040376E-04 4.966419E-04 4.702333E-04 5.011053E-04 4.590367E-04 4.793940E-04 5.033597E-04 4.856161E-04 4.692778E-04 4.577628E-04 4.464341E-04 4.255156E-04 4.072485E-04 3.793219E-04 3.552742E-04 3.493111E-04 3.374398E-04 3.046598E-04 3.127979E-04 2.885737E-04 2.985142E-04 3.034315E-04 2.809631E-04 2.755965E-04 2.655710E-04 2.416374E-04
 2.675922E-04 2.657351E-04 2.617636E-04 2.998611E-04 3.084632E-04 3.062754E-04 3.167563E-04 3.189284E-04 3.132533E-04 3.271376E-04 3.386824E-04 4.099383E-04 4.256791E-04 4.308253E-04 4.415660E-04 4.668666E-04 4.575206E-04 4.698741E-04 4.805777E-04 4.791833E-04 4.842076E-04 5.243966E-04 5.025788E-04 5.218154E-04 5.430704E-04 5.201939E-04 5.169382E-04 5.287427E-04 5.398925E-04 4.965872E-04 4.995931E-04 5.155965E-04 4.753196E-04 4.494556E-04 4.672529E-04 4.818492E-04 4.587588E-04 4.064054E-04 4.087640E-04 3.834355E-04 3.387129E-04 3.066983E-04 2.987206E-04 3.252797E-04 3.302155E-04 3.081593E-04 2.998643E-04 2.933868E-04 2.956397E-04 2.526962E-04
 2.741267E-04 2.977767E-04 3.069935E-04 3.054714E-04 3.176933E-04 3.274964E-04 3.241480E-04 3.201932E-04 3.202194E-04 3.543362E-04 3.740224E-04 4.200211E-04 4.370083E-04 4.585185E-04 4.789607E-04 4.673478E-04 5.310104E-04 5.291797E-04 5.431168E-04 5.426280E-04 4.995760E-04 5.091048E-04 5.222314E-04 5.409283E-04 5.361789E-04 5.212993E-04 5.088592E-04 5.332505E-04 5.410634E-04 5.443348E-04 5.083225E-04 4.890304E-04 4.966422E-04 4.741087E-04 4.477522E-04 4.805064E-04 4.796857E-04 4.240863E-04 3.901702E-04 3.825065E-04 3.460503E-04 3.112304E-04 3.191900E-04 3.445162E-04 3.238318E-04 3.167932E-04 3.110455E-04 2.912622E-04 2.832477E-04 2.933525E-04
 2.936740E-04 3.185725E-04 3.357607E-04 3.117281E-04 3.275434E-04 3.506779E-04 3.565774E-04 3.482756E-04 3.504684E-04 3.681348E-04 4.062793E-04 4.503738E-04 4.802967E-04 4.553643E-04 4.925056E-04 5.279427E-04 5.259404E-04 5.298519E-04 5.422222E-04 5.281482E-04 5.568413E-04 5.510230E-04 5.338004E-04 5.582844E-04 5.236322E-04 5.718407E-04 5.636989E-04 5.364960E-04 5.516563E-04 5.396694E-04 5.385079E-04 5.219037E-04 5.138818E-04 5.252356E-04 4.913053E-04 4.722808E-04 4.826664E-04 4.190407E-04 4.275946E-04 4.114751E-04 3.617765E-04 3.116997E-04 3.298287E-04 3.253464E-04 3.266680E-04 3.243415E-04 3.115336E-04 3.121988E-04 3.069506E-04 2.798818E-04
 2.924973E-04 2.961752E-04 3.247472E-04 3.297331E-04 3.564526E-04 3.547141E-04 3.607214E-04 3.509141E-04 3.806890E-04 4.233717E-04 4.024689E-04 4.653809E-04 5.017303E-04 4.739365E-04 5.065553E-04 5.204214E-04 5.529189E-04 5.654283E-04 5.733996E-04 5.652132E-04 5.805061E-04 5.918743E-04 5.791321E-04 5.840807E-04 5.677513E-04 5.802951E-04 5.901017E-04 5.862746E-04 5.713115E-04 5.777353E-04 5.735048E-04 5.391482E-04 5.399270E-04 5.591374E-04 5.306622E-04 5.494434E-04 4.962224E-04 5.074376E-04 4.328812E-04 4.120495E-04 3.933771E-04 3.449858E-04 3.658696E-04 3.402843E-04 3.455392E-04 3.294460E-04 3.405458E-04 3.173684E-04 3.189680E-04 2.935550E-04
 2.902806E-04 3.008830E-04 3.224099E-04 3.189120E-04 3.519518E-04 3.860950E-04 3.886159E-04 3.829004E-04 3.922977E-04 4.163832E-04 4.463551E-04 4.634349E-04 4.978288E-04 5.173696E-04 5.388219E-04 5.618772E-04 5.789715E-04 6.028204E-04 5.984090E-04 5.977534E-04 5.744587E-04 5.866018E-04 6.290707E-04 6.170633E-04 5.906138E-04 6.188546E-04 6.395456E-04 6.231824E-04 6.098205E-04 6.226462E-04 5.849292E-04 5.978178E-04 5.790708E-04 5.711425E-04 5.585855E-04 5.582715E-04 5.164862E-04 5.181693E-04 4.547295E-04 4.072306E-04 3.928312E-04 3.533090E-04 3.757189E-04 3.515641E-04 3.769957E-04 3.593284E-04 3.837210E-04 3.312629E-04 3.220988E-04 3.244667E-04
 3.409639E-04 3.370072E-04 3.690720E-04 3.843112E-04 4.087796E-04 4.341812E-04 4.542628E-04 4.239589E-04 4.527362E-04 4.998918E-04 4.902783E-04 5.042248E-04 5.443110E-04 5.831945E-04 5.939337E-04 6.181075E-04 6.344824E-04 6.621549E-04 6.708762E-04 6.704496E-04 6.913791E-04 6.684029E-04 6.839546E-04 6.664535E-04 6.950897E-04 6.818281E-04 6.959697E-04 6.721618E-04 6.728193E-04 6.868672E-04 6.989641E-04 6.713841E-04 6.951986E-04 6.199153E-04 6.547115E-04 6.031782E-04 5.512823E-04 5.255376E-04 5.265497E-04 5.005177E-04 4.620537E-04 4.256361E-04 4.184085E-04 4.400937E-04 4.235151E-04 3.854073E-04 3.891536E-04 3.599109E-04 3.495781E-04 3.505654E-04
 7.772558E-04 8.043014E-04 8.365564E-04 8.501072E-04 7.989559E-04 8.315390E-04 8.336815E-04 7.847128E-04 7.183402E-04 7.859812E-04 8.187015E-04 8.232651E-04 8.803252E-04 9.220088E-04 8.907172E-04 9.521381E-04 9.619207E-04 1.062348E-03 1.051568E-03 9.746176E-04 1.018081E-03 1.018269E-03 9.633448E-04 9.669112E-04 1.015467E-03 1.004094E-03 1.114866E-03 9.803951E-04 1.019109E-03 1.039897E-03 9.858442E-04 9.607230E-04 9.898158E-04 9.391936E-04 1.008974E-03 9.134997E-04 8.806698E-04 8.475767E-04 8.151293E-04 7.916270E-04 7.320070E-04 7.539465E-04 7.954361E-04 8.529150E-04 8.044000E-04 8.264817E-04 8.293053E-04 8.032117E-04 7.934840E-04 7.748560E-04
 1.101187E-03 1.115773E-03 1.072003E-03 1.108841E-03 1.104475E-03 1.072761E-03 1.135422E-03 1.152062E-03 1.028757E-03 1.121091E-03 1.117153E-03 1.165967E-03 1.211717E-03 1.245713E-03 1.247005E-03 1.179586E-03 1.242556E-03 1.259499E-03 1.410794E-03 1.252481E-03 1.235634E-03 1.260923E-03 1.284583E-03 1.291017E-03 1.320476E-03 1.316922E-03 1.376750E-03 1.294202E-03 1.325906E-03 1.263075E-03 1.288438E-03 1.227883E-03 1.261234E-03 1.220453E-03 1.283324E-03 1.184063E-03 1.179095E-03 1.163932E-03 1.107457E-03 1.055067E-03 1.057097E-03 1.038416E-03 1.122375E-03 1.161546E-03 1.159177E-03 1.104380E-03 1.156974E-03 1.071394E-03 1.035374E-03 1.057307E-03
 1.201742E-03 1.204252E-03 1.284405E-03 1.276622E-03 1.298240E-03 1.379394E-03 1.286554E-03 1.205846E-03 1.059031E-03 1.171046E-03 1.214908E-03 1.235868E-03 1.345500E-03 1.302266E-03 1.366865E-03 1.397353E-03 1.394851E-03 1.340027E-03 1.435536E-03 1.453031E-03 1.403524E-03 1.417187E-03 1.435037E-03 1.353309E-03 1.423238E-03 1.563964E-03 1.463363E-03 1.431874E-03 1.411353E-03 1.507073E-03 1.440548E-03 1.435295E-03 1.374003E-03 1.411027E-03 1.372879E-03 1.345868E-03 1.324224E-03 1.320594E-03 1.283916E-03 1.224857E-03 1.168611E-03 1.156525E-03 1.345560E-03 1.382714E-03 1.351180E-03 1.349492E-03 1.307027E-03 1.315702E-03 1.306119E-03 1.243943E-03
 1.215303E-03 1.263754E-03 1.319438E-03 1.333708E-03 1.318568E-03 1.314429E-03 1.300960E-03 1.259517E-03 1.140323E-03 1.190636E-03 1.260045E-03 1.256113E-03 1.315839E-03 1.318655E-03 1.347787E-03 1.334484E-03 1.332891E-03 1.421930E-03 1.332054E-03 1.403806E-03 1.559296E-03 1.410538E-03 1.444939E-03 1.465953E-03 1.370653E-03 1.455077E-03 1.458586E-03 1.405422E-03 1.454532E-03 1.437781E-03 1.402088E-03 1.328215E-03 1.423901E-03 1.317951E-03 1.286345E-03 1.320858E-03 1.371065E-03 1.215329E-03 1.193774E-03 1.214826E-03 1.081799E-03 1.051034E-03 1.268258E-03 1.279902E-03 1.303394E-03 1.292702E-03 1.288830E-03 1.285847E-03 1.276303E-03 1.217443E-03
 1.109342E-03 1.129546E-03 1.157023E-03 1.185896E-03 1.147329E-03 1.185604E-03 1.112776E-03 1.067320E-03 9.525995E-04 1.042385E-03 1.097703E-03 1.122877E-03 1.149204E-03 1.186356E-03 1.217181E-03 1.173097E-03 1.243151E-03 1.263073E-03 1.240635E-03 1.305797E-03 1.348748E-03 1.286013E-03 1.318319E-03 1.402848E-03 1.454768E-03 1.299493E-03 1.256311E-03 1.322558E-03 1.279754E-03 1.256659E-03 1.311026E-03 1.193258E-03 1.230934E-03 1.244221E-03 1.286163E-03 1.121711E-03 1.189738E-03 1.146131E-03 1.087074E-03 1.108616E-03 1.018015E-03 1.017941E-03 1.123948E-03 1.150117E-03 1.085612E-03 1.110819E-03 1.070898E-03 1.052507E-03 1.046718E-03 1.000198E-03
 7.649948E-04 7.777555E-04 7.651157E-04 7.646345E-04 7.946706E-04 8.487451E-04 8.877574E-04 8.339814E-04 7.570812E-04 7.467519E-04 7.935672E-04 8.491967E-04 8.627374E-04 9.500062E-04 8.957282E-04 9.055554E-04 9.183146E-04 9.430650E-04 9.159869E-04 9.845287E-04 9.749343E-04 9.948729E-04 1.005654E-03 1.017495E-03 9.839606E-04 1.114966E-03 9.635836E-04 9.727245E-04 1.012325E-03 1.060433E-03 1.051331E-03 1.080699E-03 9.776823E-04 9.470064E-04 9.903936E-04 9.453957E-04 9.353513E-04 9.544648E-04 8.816664E-04 7.882057E-04 7.969733E-04 7.032751E-04 7.902171E-04 8.438356E-04 8.071806E-04 7.925541E-04 7.349389E-04 7.004376E-04 7.082325E-04 7.488963E-04
 3.414814E-04 3.659954E-04 3.834076E-04 3.923784E-04 4.124629E-04 4.167694E-04 4.686303E-04 4.710546E-04 4.177342E-04 4.590304E-04 4.863195E-04 5.276573E-04 5.491865E-04 5.772952E-04 6.020016E-04 6.286503E-04 6.000689E-04 6.401756E-04 6.838788E-04 6.843729E-04 6.856146E-04 7.161591E-04 6.912946E-04 6.931646E-04 6.728293E-04 6.891602E-04 6.852633E-04 6.793368E-04 7.030542E-04 7.148271E-04 7.095141E-04 6.979335E-04 6.715330E-04 6.651263E-04 6.512093E-04 6.322547E-04 6.014259E-04 6.136328E-04 5.682265E-04 4.984431E-04 4.544722E-04 4.331686E-04 4.526866E-04 4.649041E-04 4.461465E-04 3.879389E-04 3.940198E-04 3.779432E-04 3.772666E-04 3.748971E-04
 3.215957E-04 3.313232E-04 3.408989E-04 3.516815E-04 3.640535E-04 3.716267E-04 3.765809E-04 3.850877E-04 3.593228E-04 4.316226E-04 4.577059E-04 4.839768E-04 5.058458E-04 5.216874E-04 5.489711E-04 5.753744E-04 5.820832E-04 5.972537E-04 6.052338E-04 5.984805E-04 5.904874E-04 6.211406E-04 5.963600E-04 6.086883E-04 5.798619E-04 5.925791E-04 6.162807E-04 6.214559E-04 5.933468E-04 6.369142E-04 6.351946E-04 5.969576E-04 5.973819E-04 5.922071E-04 5.955004E-04 5.693563E-04 5.065009E-04 4.954752E-04 5.029223E-04 4.761479E-04 4.203886E-04 4.052783E-04 3.917844E-04 3.657723E-04 3.717052E-04 3.618057E-04 3.564951E-04 3.157839E-04 3.124158E-04 2.965694E-04
 2.972400E-04 2.990834E-04 3.058527E-04 3.264810E-04 3.702972E-04 3.496503E-04 3.479737E-04 3.570882E-04 3.498758E-04 4.058432E-04 4.324493E-04 4.413793E-04 4.667105E-04 4.976067E-04 4.920893E-04 5.220607E-04 5.269810E-04 5.473768E-04 5.665018E-04 5.570380E-04 5.873391E-04 5.653374E-04 5.225943E-04 5.423542E-04 5.555896E-04 5.849847E-04 6.181996E-04 5.920701E-04 5.801811E-04 5.716525E-04 5.521851E-04 5.419802E-04 5.391626E-04 5.230074E-04 5.099144E-04 5.515138E-04 4.602375E-04 4.524981E-04 4.558917E-04 4.180303E-04 3.874899E-04 3.697501E-04 3.794615E-04 3.717283E-04 3.535878E-04 3.501921E-04 3.376425E-04 3.105723E-04 3.065953E-04 3.103534E-04
 2.990484E-04 2.921297E-04 3.207426E-04 3.384555E-04 3.247901E-04 3.267302E-04 3.219784E-04 3.285803E-04 3.240277E-04 3.605922E-04 4.054678E-04 4.242625E-04 4.249450E-04 4.709389E-04 5.083408E-04 5.190128E-04 5.068595E-04 5.202429E-04 5.316213E-04 5.213870E-04 5.629282E-04 5.811147E-04 5.713754E-04 5.501634E-04 5.209211E-04 5.406070E-04 5.704510E-04 5.564484E-04 5.488206E-04 5.340107E-04 5.016938E-04 4.920864E-04 5.124037E-04 5.248824E-04 5.184828E-04 5.043672E-04 4.864885E-04 4.534232E-04 4.249096E-04 3.839813E-04 3.703821E-04 3.595260E-04 3.456199E-04 3.491001E-04 3.230238E-04 3.283765E-04 3.142379E-04 2.973450E-04 2.831062E-04 2.615726E-04
 2.746946E-04 2.869364E-04 2.770773E-04 3.351181E-04 3.197042E-04 3.059990E-04 3.307819E-04 3.230615E-04 3.503337E-04 3.643095E-04 3.735788E-04 3.908450E-04 4.244239E-04 4.657219E-04 4.397151E-04 4.671917E-04 4.823696E-04 5.019090E-04 5.105806E-04 4.937811E-04 5.201344E-04 5.677447E-04 5.571664E-04 5.052476E-04 5.526265E-04 5.250155E-04 5.436354E-04 5.011014E-04 5.175794E-04 5.118216E-04 4.886206E-04 4.825448E-04 4.825994E-04 4.917439E-04 4.839489E-04 4.573984E-04 4.595843E-04 4.103898E-04 4.303612E-04 3.876346E-04 3.441886E-04 3.195968E-04 3.175189E-04 3.351718E-04 3.299288E-04 3.054310E-04 2.901699E-04 2.930423E-04 2.964493E-04 2.874305E-04
 2.714429E-04 2.825475E-04 2.927504E-04 3.293537E-04 3.092922E-04 2.836877E-04 3.079385E-04 3.092238E-04 2.968200E-04 3.430798E-04 3.384652E-04 3.764526E-04 3.805790E-04 4.211758E-04 4.352016E-04 4.746779E-04 4.696449E-04 5.093156E-04 4.870676E-04 4.769801E-04 4.999290E-04 5.286176E-04 4.912623E-04 5.226657E-04 5.000096E-04 5.052957E-04 4.937398E-04 4.958887E-04 5.034203E-04 5.262641E-04 5.164678E-04 4.973864E-04 4.706229E-04 4.776037E-04 4.584389E-04 4.464664E-04 4.266318E-04 4.229165E-04 3.898279E-04 3.485819E-04 3.119301E-04 3.087043E-04 3.044070E-04 3.096675E-04 3.047469E-04 3.214181E-04 3.238182E-04 3.156509E-04 2.643321E-04 2.697843E-04
 2.654123E-04 2.645182E-04 2.973766E-04 3.086525E-04 2.933248E-04 2.926139E-04 3.125841E-04 2.830883E-04 2.970152E-04 3.545464E-04 3.560839E-04 3.907249E-04 3.832274E-04 4.223039E-04 4.422709E-04 4.554522E-04 4.510535E-04 4.454534E-04 4.454791E-04 4.849949E-04 5.252030E-04 4.710235E-04 4.946658E-04 5.247637E-04 5.037519E-04 5.194047E-04 4.768925E-04 5.091271E-04 4.831344E-04 5.091830E-04 4.693075E-04 4.933535E-04 4.967998E-04 4.546086E-04 4.442844E-04 3.994075E-04 3.911537E-04 3.857048E-04 3.644290E-04 3.639610E-04 3.264542E-04 3.233107E-04 3.146417E-04 2.688161E-04 2.755915E-04 2.878800E-04 2.998459E-04 2.698793E-04 2.601436E-04 2.599850E-04
 2.561156E-04 2.553048E-04 2.779664E-04 2.723297E-04 2.770435E-04 2.870573E-04 2.877459E-04 2.978387E-04 2.905645E-04 3.322167E-04 3.400149E-04 3.679197E-04 3.631683E-04 4.102856E-04 4.074557E-04 4.227248E-04 4.499916E-04 4.336148E-04 4.676332E-04 4.740203E-04 5.006822E-04 4.688166E-04 4.687414E-04 4.883389E-04 4.929199E-04 5.306150E-04 5.116299E-04 5.168585E-04 4.904604E-04 4.806332E-04 4.556347E-04 4.719687E-04 4.594836E-04 4.564839E-04 4.193147E-04 3.937226E-04 3.855634E-04 3.750788E-04 3.581909E-04 3.737998E-04 3.346733E-04 3.104840E-04 3.012060E-04 2.899062E-04 2.818916E-04 2.575200E-04 2.701310E-04 2.664946E-04 2.492625E-04 2.492923E-04
 2.367359E-04 2.529721E-04 2.365872E-04 2.736898E-04 2.723213E-04 2.793866E-04 2.857139E-04 2.787010E-04 2.934458E-04 3.410349E-04 3.417037E-04 3.479679E-04 3.821392E-04 3.668180E-04 3.842651E-04 3.818895E-04 4.149252E-04 3.726258E-04 4.197955E-04 4.510948E-04 4.690845E-04 4.753459E-04 4.494533E-04 4.770048E-04 4.610268E-04 4.815044E-04 4.894891E-04 4.818835E-04 4.719699E-04 4.587531E-04 4.661653E-04 4.473431E-04 4.346500E-04 4.238290E-04 4.255406E-04 4.046168E-04 3.821153E-04 3.595588E-04 3.277180E-04 3.155684E-04 3.204871E-04 2.881281E-04 2.671540E-04 2.737754E-04 2.933915E-04 2.871433E-04 2.581936E-04 2.828423E-04 2.522258E-04 2.269896E-04
 2.264923E-04 2.355393E-04 2.440292E-04 2.435888E-04 2.696624E-04 2.774202E-04 2.817746E-04 2.862088E-04 2.879254E-04 3.070636E-04 3.071407E-04 3.345943E-04 3.343308E-04 3.645995E-04 3.656883E-04 3.887419E-04 4.260571E-04 3.829927E-04 4.276271E-04 4.126466E-04 4.185610E-04 4.362671E-04 4.440959E-04 4.355672E-04 4.537711E-04 4.606491E-04 4.684377E-04 4.722331E-04 4.411166E-04 4.408230E-04 4.151516E-04 4.156972E-04 3.949739E-04 3.993042E-04 4.184171E-04 4.044749E-04 3.539012E-04 3.427331E-04 3.169228E-04 3.290086E-04 2.799180E-04 2.610311E-04 2.668673E-04 2.589384E-04 2.702326E-04 2.692514E-04 2.840983E-04 2.517312E-04 2.516436E-04 2.304513E-04
 2.295580E-04 2.315846E-04 2.308224E-04 2.333515E-04 2.460542E-04 2.535106E-04 2.514790E-04 2.630813E-04 2.735386E-04 2.683374E-04 3.015268E-04 3.097891E-04 3.576239E-04 3.430650E-04 3.815258E-04 3.890970E-04 3.984588E-04 3.739115E-04 4.053203E-04 4.158861E-04 4.124609E-04 3.982715E-04 4.210934E-04 4.488494E-04 4.298531E-04 4.086970E-04 4.249893E-04 4.199960E-04 4.212497E-04 4.208838E-04 3.861200E-04 3.803565E-04 3.765132E-04 3.549707E-04 3.909110E-04 3.698433E-04 3.544373E-04 3.427334E-04 3.078794E-04 2.920327E-04 2.655899E-04 2.641061E-04 2.569478E-04 2.669921E-04 2.538494E-04 2.589991E-04 2.388946E-04 2.444451E-04 2.329961E-04 2.285685E-04
 2.210907E-04 2.083683E-04 2.551144E-04 2.618592E-04 2.350769E-04 2.265062E-04 2.369689E-04 2.532535E-04 2.620213E-04 2.649582E-04 2.981049E-04 3.052752E-04 3.220165E-04 3.624895E-04 3.615346E-04 3.580790E-04 3.925122E-04 3.918108E-04 3.770913E-04 3.565178E-04 3.929441E-04 3.790249E-04 3.938256E-04 4.119163E-04 4.113375E-04 4.066589E-04 4.134208E-04 3.976936E-04 4.168775E-04 4.045411E-04 3.857951E-04 3.504646E-04 3.790425E-04 3.653143E-04 3.441580E-04 3.565313E-04 3.423431E-04 3.342375E-04 3.117619E-04 2.725889E-04 2.465468E-04 2.457198E-04 2.568442E-04 2.537972E-04 2.624483E-04 2.496024E-04 2.310432E-04 2.504730E-04 2.563794E-04 2.446328E-04
 2.031406E-04 2.139347E-04 2.192830E-04 2.308903E-04 2.319564E-04 2.373234E-04 2.330380E-04 2.374962E-04 2.363412E-04 2.863080E-04 2.891435E-04 2.909902E-04 3.061626E-04 3.463384E-04 3.440758E-04 3.331391E-04 3.618791E-04 4.132045E-04 3.891402E-04 3.646566E-04 4.039241E-04 3.773370E-04 3.881577E-04 3.701604E-04 3.827284E-04 4.065041E-04 4.075554E-04 4.089466E-04 4.048692E-04 3.925448E-04 3.760812E-04 3.444358E-04 3.729978E-04 3.603851E-04 3.528423E-04 3.527554E-04 3.207978E-04 3.281829E-04 3.077009E-04 2.795730E-04 2.529929E-04 2.198413E-04 2.604511E-04 2.656701E-04 2.466282E-04 2.560687E-04 2.254475E-04 2.322282E-04 2.450705E-04 2.372752E-04
 2.020952E-04 2.210083E-04 2.095927E-04 2.276156E-04 2.268747E-04 2.156744E-04 2.066255E-04 2.344212E-04 2.294583E-04 2.346233E-04 2.683714E-04 2.633281E-04 2.899444E-04 3.218804E-04 3.147739E-04 3.133989E-04 3.398568E-04 3.738696E-04 3.607392E-04 3.652449E-04 3.795118E-04 3.610434E-04 3.941786E-04 3.738000E-04 4.002203E-04 3.842414E-04 3.948759E-04 3.949264E-04 3.932142E-04 3.878040E-04 3.905191E-04 3.392279E-04 3.261003E-04 3.565492E-04 3.419257E-04 3.325949E-04 3.022088E-04 2.822433E-04 2.560318E-04 2.751503E-04 2.199858E-04 2.203955E-04 2.041390E-04 2.587651E-04 2.459223E-04 2.528893E-04 2.426207E-04 2.207397E-04 1.979664E-04 2.082317E-04
 2.061054E-04 1.948895E-04 1.904186E-04 2.246475E-04 2.288761E-04 2.192428E-04 2.292251E-04 2.183434E-04 2.308915E-04 2.170247E-04 2.628070E-04 2.771014E-04 2.780162E-04 2.833662E-04 2.983364E-04 2.910256E-04 3.306267E-04 3.558505E-04 3.343097E-04 3.336442E-04 3.488471E-04 3.475222E-04 3.880611E-04 3.512154E-04 3.693748E-04 3.555235E-04 3.462899E-04 3.587041E-04 3.359667E-04 3.534462E-04 3.285531E-04 3.249929E-04 3.326439E-04 3.129195E-04 3.196358E-04 3.156869E-04 3.029409E-04 2.667434E-04 2.606264E-04 2.712777E-04 2.415994E-04 2.354669E-04 2.330035E-04 2.389549E-04 2.194373E-04 2.356723E-04 2.221979E-04 2.085414E-04 1.980613E-04 1.814086E-04
 1.950476E-04 2.106858E-04 2.305114E-04 2.193491E-04 2.157627E-04 2.099020E-04 2.206879E-04 2.173774E-04 2.204415E-04 2.239425E-04 2.362931E-04 2.531926E-04 2.938865E-04 2.849231E-04 3.195437E-04 3.061854E-04 3.330140E-04 3.344996E-04 3.193235E-04 3.134133E-04 3.208113E-04 3.379709E-04 3.401881E-04 3.518091E-04 3.338248E-04 3.288920E-04 3.301742E-04 3.166126E-04 3.269840E-04 3.123499E-04 3.317645E-04 3.591101E-04 3.243518E-04 3.410005E-04 3.218825E-04 2.928448E-04 2.828125E-04 2.708698E-04 2.406218E-04 2.237817E-04 2.301962E-04 2.148768E-04 2.353378E-04 2.400961E-04 2.216883E-04 2.102422E-04 2.035285E-04 1.977054E-04 1.812339E-04 1.843345E-04
 1.920221E-04 1.978218E-04 2.026650E-04 2.194778E-04 1.965061E-04 1.953639E-04 2.120250E-04 1.880872E-04 1.957363E-04 2.186634E-04 2.511161E-04 2.438184E-04 2.658407E-04 2.751630E-04 3.033940E-04 3.060295E-04 3.184580E-04 3.027490E-04 3.286226E-04 3.208767E-04 3.412108E-04 3.132084E-04 3.407142E-04 3.156226E-04 3.269335E-04 3.041673E-04 3.242621E-04 3.048991E-04 3.273915E-04 3.251004E-04 3.240852E-04 3.233476E-04 3.292119E-04 2.856645E-04 3.286259E-04 2.765257E-04 2.570173E-04 2.673078E-04 2.393578E-04 2.463106E-04 2.129778E-04 1.814672E-04 1.976786E-04 2.236876E-04 2.379964E-04 2.036348E-04 2.104613E-04 2.079729E-04 1.743364E-04 1.614012E-04
 1.706039E-04 2.037132E-04 2.164569E-04 1.790769E-04 1.808926E-04 2.075769E-04 1.913318E-04 1.938526E-04 1.844216E-04 1.995653E-04 2.112577E-04 2.358821E-04 2.318888E-04 2.336573E-04 2.723772E-04 2.533910E-04 3.023244E-04 2.815102E-04 2.914774E-04 2.932633E-04 3.146061E-04 3.012474E-04 3.124227E-04 2.922786E-04 3.214504E-04 3.019141E-04 3.130873E-04 2.992875E-04 2.973110E-04 2.960363E-04 2.890481E-04 2.777908E-04 2.921049E-04 2.700804E-04 2.913511E-04 2.685319E-04 2.704836E-04 2.398253E-04 2.457452E-04 2.209426E-04 2.178732E-04 1.913615E-04 1.917905E-04 2.129590E-04 2.098001E-04 1.937422E-04 1.981813E-04 2.014452E-04 1.867865E-04 1.684102E-04
 1.885009E-04 1.857809E-04 1.917275E-04 1.731535E-04 1.877177E-04 1.864769E-04 1.870390E-04 1.845161E-04 1.730915E-04 1.715898E-04 1.945264E-04 2.087299E-04 2.195752E-04 2.401707E-04 2.498248E-04 2.448656E-04 2.411525E-04 2.551327E-04 2.717231E-04 2.591787E-04 2.804768E-04 2.733086E-04 2.991637E-04 3.024571E-04 2.714374E-04 2.908186E-04 2.792374E-04 2.635010E-04 2.846487E-04 2.851878E-04 2.833178E-04 2.953860E-04 2.781240E-04 2.677963E-04 2.447884E-04 2.716989E-04 2.461182E-04 2.024068E-04 2.232012E-04 2.069479E-04 1.988952E-04 1.924976E-04 2.020489E-04 2.052161E-04 2.007154E-04 1.998061E-04 1.799984E-04 1.724385E-04 1.806967E-04 1.655759E-04
 1.670352E-04 1.732514E-04 1.639700E-04 1.770173E-04 1.671473E-04 1.529860E-04 1.669145E-04 1.812835E-04 1.779459E-04 1.793037E-04 1.938502E-04 1.988064E-04 2.145004E-04 1.964553E-04 2.374822E-04 2.139783E-04 2.191449E-04 2.421826E-04 2.585602E-04 2.244789E-04 2.540454E-04 2.607119E-04 2.647417E-04 2.567636E-04 2.783589E-04 2.697004E-04 2.542185E-04 2.443578E-04 2.706726E-04 2.567856E-04 2.359774E-04 2.510282E-04 2.567181E-04 2.176770E-04 2.149133E-04 2.242809E-04 2.259115E-04 2.033118E-04 2.110613E-04 2.083099E-04 1.706928E-04 1.692297E-04 1.820532E-04 1.812723E-04 1.925134E-04 2.008510E-04 1.862202E-04 1.670893E-04 1.518289E-04 1.587213E-04
 1.483831E-04 1.500504E-04 1.513218E-04 1.450124E-04 1.474737E-04 1.596813E-04 1.799321E-04 1.675772E-04 1.598632E-04 1.702634E-04 1.748479E-04 1.866833E-04 1.987018E-04 1.996177E-04 2.078661E-04 2.088728E-04 2.274853E-04 2.167344E-04 2.085144E-04 2.316827E-04 2.366038E-04 2.456874E-04 2.178324E-04 2.246151E-04 2.463174E-04 2.309608E-04 2.100173E-04 2.264637E-04 2.203278E-04 2.362695E-04 2.475254E-04 2.250905E-04 2.496607E-04 2.115855E-04 2.071176E-04 1.943084E-04 2.010673E-04 2.131280E-04 1.832761E-04 1.707524E-04 1.623834E-04 1.422898E-04 1.687887E-04 1.726606E-04 1.685808E-04 1.772246E-04 1.787717E-04 1.566089E-04 1.516151E-04 1.480979E-04
 1.527883E-04 1.436128E-04 1.431963E-04 1.505976E-04 1.532174E-04 1.563841E-04 1.628244E-04 1.454921E-04 1.553568E-04 1.762861E-04 1.711216E-04 1.643240E-04 1.796000E-04 1.865038E-04 1.620097E-04 1.928894E-04 1.903970E-04 1.916869E-04 1.867091E-04 2.134486E-04 2.065330E-04 2.076527E-04 2.095100E-04 2.065154E-04 1.935345E-04 2.047463E-04 1.938007E-04 1.813822E-04 1.887037E-04 1.908258E-04 2.015273E-04 1.854033E-04 2.033830E-04 1.986246E-04 2.004427E-04 1.929551E-04 1.881726E-04 1.768024E-04 1.708404E-04 1.729422E-04 1.355691E-04 1.423149E-04 1.376233E-04 1.617825E-04 1.592332E-04 1.654624E-04 1.719624E-04 1.594575E-04 1.510146E-04 1.510951E-04
     0.064180     0.069671     0.069036     0.066880     0.069614     0.067952     0.067041     0.071585     0.069061     0.070915     0.062402     0.062845     0.062450     0.060865     0.062601     0.060863     0.057239     0.056024     0.056283     0.056908     0.058122     0.055812     0.058560     0.059751     0.060329     0.056069     0.057832     0.056166     0.056795     0.059850     0.058071     0.060281     0.060678     0.060265     0.061927     0.062418     0.060845     0.067754     0.063096     0.065212     0.066022     0.070557     0.068408     0.070388     0.069715     0.066423     0.066254     0.074570     0.069118     0.068444
     0.062848     0.065186     0.064360     0.066650     0.065030     0.065091     0.068166     0.066713     0.066326     0.072979     0.065583     0.061741     0.063793     0.058938     0.060367     0.055558     0.057608     0.053039     0.054402     0.054458     0.053407     0.052535     0.051374     0.054884     0.053041     0.055189     0.053101     0.051502     0.052758     0.054540     0.054704     0.056774     0.057421     0.055049     0.055598     0.059663     0.064507     0.059264     0.058500     0.058302     0.062480     0.067348     0.063765     0.063196     0.063390     0.066398     0.067610     0.068547     0.063945     0.064532
     0.062174     0.062441     0.065712     0.062822     0.061975     0.060230     0.061647     0.067802     0.061653     0.062717     0.063985     0.064929     0.059720     0.057834     0.055927     0.055583     0.053742     0.051084     0.051069     0.052308     0.050950     0.050683     0.047970     0.048366     0.049060     0.048914     0.049973     0.047771     0.048591     0.052628     0.052569     0.050041     0.052676     0.050469     0.052791     0.052381     0.055115     0.054694     0.055335     0.058602     0.060943     0.060746     0.061706     0.060590     0.063225     0.065704     0.064340     0.065964     0.061983     0.061109
     0.059947     0.061763     0.059678     0.065142     0.060470     0.060850     0.057846     0.059968     0.060926     0.062372     0.056844     0.056707     0.055722     0.056669     0.053180     0.049746     0.053560     0.050703     0.048924     0.048999     0.047248     0.048234     0.047849     0.048587     0.048291     0.049136     0.048241     0.048734     0.048107     0.048524     0.048831     0.046356     0.049231     0.049500     0.049871     0.050629     0.049821     0.052827     0.057379     0.056744     0.056864     0.059019     0.059984     0.062682     0.062977     0.061119     0.064515     0.059896     0.063117     0.061146
     0.062473     0.062809     0.063454     0.060551     0.061212     0.058958     0.059681     0.059142     0.061194     0.058323     0.055377     0.056005     0.055383     0.051236     0.051726     0.050657     0.049453     0.047835     0.047824     0.049574     0.048270     0.046475     0.046173     0.046568     0.046445     0.047767     0.046813     0.047383     0.047755     0.045800     0.046970     0.047020     0.048095     0.048435     0.048392     0.050863     0.049505     0.052043     0.052792     0.058626     0.057503     0.060620     0.062829     0.057032     0.061022     0.060449     0.061570     0.062520     0.057972     0.060070
     0.060605     0.060955     0.059152     0.058479     0.059194     0.055504     0.057733     0.062538     0.056532     0.059328     0.052474     0.053946     0.049544     0.049407     0.048803     0.049098     0.045777     0.044971     0.046762     0.044679     0.046667     0.045656     0.045872     0.044771     0.043817     0.044503     0.044551     0.045239     0.043541     0.044780     0.045687     0.043437     0.046156     0.048103     0.044747     0.050225     0.048948     0.049701     0.051882     0.055161     0.054993     0.057728     0.056147     0.055486     0.058379     0.060381     0.058925     0.058582     0.056898     0.060236
     0.059569     0.056246     0.058046     0.056542     0.053415     0.054066     0.060201     0.057129     0.056638     0.053501     0.055757     0.051569     0.050269     0.049849     0.045680     0.045708     0.044414     0.042418     0.042502     0.043818     0.042499     0.045416     0.042731     0.042422     0.042574     0.044357     0.043620     0.043784     0.043512     0.042550     0.042849     0.045357     0.046293     0.044449     0.047541     0.046808     0.046649     0.050515     0.050274     0.056726     0.051521     0.052354     0.058203     0.055633     0.056244     0.056759     0.056638     0.057525     0.058248     0.059777
     0.058620     0.056476     0.057864     0.055153     0.054523     0.054686     0.052871     0.058319     0.053526     0.050494     0.048964     0.050089     0.047768     0.046727     0.048571     0.044800     0.046595     0.043842     0.045269     0.042642     0.041779     0.042591     0.042197     0.044258     0.041736     0.041721     0.040682     0.042082     0.040843     0.042191     0.043436     0.044192     0.044931     0.043602     0.045345     0.044711     0.046043     0.050735     0.048723     0.052646     0.053861     0.053855     0.054312     0.057752     0.060057     0.053756     0.055677     0.056434     0.057213     0.059210
     0.055891     0.053522     0.058862     0.054583     0.054552     0.052602     0.057145     0.052330     0.054436     0.052886     0.051763     0.047125     0.046455     0.047176     0.044351     0.042584     0.044699     0.042873     0.042493     0.040911     0.041750     0.042082     0.040792     0.040220     0.042872     0.043135     0.040186     0.041387     0.041380     0.039642     0.039807     0.039988     0.040387     0.044162     0.044336     0.044016     0.046468     0.046065     0.051367     0.050665     0.051285     0.055570     0.053401     0.055641     0.055212     0.053083     0.057297     0.057140     0.054228     0.056175
     0.053395     0.051680     0.052856     0.052767     0.051406     0.053155     0.054460     0.051802     0.051743     0.052266     0.050646     0.049302     0.046081     0.046464     0.046925     0.041354     0.041822     0.043722     0.043307     0.040654     0.041792     0.041250     0.039787     0.040391     0.038748     0.039343     0.038427     0.040321     0.041636     0.041996     0.040479     0.040568     0.041599     0.043068     0.042968     0.042748     0.043707     0.044708     0.044690     0.049054     0.050398     0.054368     0.053724     0.054818     0.054500     0.054828     0.054399     0.057362     0.055131     0.054819
     0.053183     0.052473     0.054264     0.053559     0.052680     0.053114     0.054439     0.052350     0.048571     0.046834     0.050698     0.047159     0.044584     0.044090     0.042412     0.039919     0.041067     0.039981     0.040050     0.039781     0.039721     0.039739     0.038736     0.042676     0.040583     0.038779     0.040054     0.038779     0.041000     0.040713     0.040753     0.043768     0.040966     0.040301     0.043240     0.042297     0.044179     0.044197     0.045426     0.045783     0.049346     0.049427     0.053214     0.050482     0.052715     0.051366     0.054028     0.054679     0.053663     0.055650
     0.053029     0.050909     0.052333     0.053121     0.056112     0.051982     0.052185     0.050107     0.051467     0.045788     0.046518     0.044165     0.043453     0.044029     0.041525     0.042266     0.041579     0.040447     0.040479     0.038913     0.038901     0.040095     0.040705     0.040157     0.037943     0.039827     0.039332     0.039222     0.040258     0.041505     0.039785     0.040024     0.042740     0.042867     0.038924     0.043931     0.046329     0.043767     0.044414     0.044236     0.047974     0.050072     0.052118     0.050652     0.051912     0.050729     0.052384     0.052681     0.051980     0.050911
     0.053569     0.050960     0.051391     0.050225     0.051340     0.051628     0.052406     0.051163     0.049283     0.050165     0.044680     0.042298     0.042506     0.041328     0.042474     0.043172     0.040437     0.041114     0.039497     0.040656     0.041015     0.041429     0.038828     0.037327     0.038985     0.038915     0.036379     0.038549     0.041684     0.038382     0.039762     0.040382     0.041842     0.039868     0.040553     0.039568     0.041668     0.041661     0.043110     0.046330     0.048438     0.052264     0.052779     0.049917     0.056254     0.048993     0.047890     0.050521     0.051630     0.054058
     0.047898     0.051013     0.049208     0.051242     0.051413     0.049678     0.049557     0.048069     0.046806     0.049828     0.046608     0.046694     0.042875     0.041081     0.039081     0.039331     0.038837     0.038928     0.038273     0.037876     0.038051     0.038164     0.037693     0.038500     0.037914     0.039672     0.036698     0.039273     0.039892     0.038803     0.040655     0.038289     0.038517     0.039384     0.041009     0.040394     0.041001     0.041717     0.042652     0.042914     0.043413     0.051228     0.051615     0.053689     0.049587     0.047520     0.047439     0.048403     0.049778     0.049500
     0.047735     0.049732     0.047883     0.047769     0.048631     0.047688     0.048354     0.046590     0.049655     0.044608     0.045123     0.040284     0.043139     0.040705     0.040268     0.040011     0.039375     0.037195     0.036161     0.037667     0.035957     0.037688     0.034466     0.036635     0.038959     0.037266     0.037876     0.036776     0.037927     0.038793     0.036703     0.039036     0.037720     0.038960     0.038868     0.039931     0.040075     0.040443     0.042513     0.044383     0.047897     0.048378     0.049702     0.049029     0.052027     0.052298     0.048666     0.050849     0.050482     0.051627
     0.049445     0.047454     0.047187     0.048364     0.048551     0.047520     0.050839     0.047383     0.047364     0.044553     0.045026     0.041827     0.039945     0.038966     0.038369     0.039377     0.037177     0.037914     0.037197     0.036420     0.037157     0.036543     0.035735     0.034428     0.035747     0.037705     0.036590     0.036050     0.035583     0.034911     0.041516     0.040643     0.037087     0.038996     0.038304     0.036942     0.038172     0.041217     0.042271     0.041359     0.046629     0.048388     0.050899     0.049224     0.047840     0.046657     0.049651     0.047129     0.048025     0.047917
     0.047942     0.046682     0.046464     0.047401     0.047781     0.047684     0.047878     0.048579     0.045035     0.045365     0.041652     0.040718     0.041758     0.039928     0.039966     0.037059     0.038113     0.037375     0.035085     0.035009     0.036888     0.037010     0.035998     0.033912     0.036324     0.036681     0.035279     0.036205     0.038001     0.036711     0.034746     0.035767     0.035622     0.036468     0.037006     0.039618     0.039830     0.039838     0.038376     0.040916     0.043698     0.048100     0.046813     0.049428     0.047297     0.046742     0.046732     0.046361     0.048402     0.044978
     0.046601     0.048578     0.046231     0.045553     0.045418     0.046346     0.044490     0.045002     0.046681     0.045834     0.042292     0.041242     0.037410     0.038185     0.035833     0.035660     0.037700     0.037944     0.034948     0.036495     0.036446     0.035907     0.035133     0.036346     0.036163     0.033114     0.034525     0.034249     0.036591     0.035521     0.036215     0.035251     0.036845     0.036406     0.035596     0.037803     0.037529     0.040201     0.040432     0.039704     0.041141     0.045165     0.045163     0.047407     0.047517     0.046873     0.046087     0.046916     0.047749     0.048264
     0.045636     0.044766     0.046320     0.043889     0.045172     0.043128     0.043266     0.045045     0.043055     0.041539     0.040531     0.039188     0.040409     0.037174     0.037132     0.036751     0.034516     0.034543     0.035335     0.034811     0.034792     0.036548     0.035629     0.034365     0.033413     0.034399     0.034458     0.033664     0.034964     0.036559     0.035291     0.036126     0.037299     0.037066     0.034895     0.036428     0.040339     0.038589     0.039707     0.039186     0.042126     0.044557     0.046287     0.043711     0.045189     0.044848     0.044026     0.046483     0.046415     0.046388
     0.045887     0.043740     0.044622     0.044378     0.044003     0.043121     0.043433     0.043469     0.043018     0.042016     0.038830     0.037897     0.038589     0.036358     0.035983     0.034976     0.035912     0.032374     0.035032     0.034164     0.035489     0.032718     0.033561     0.033531     0.032183     0.034488     0.034189     0.031777     0.030621     0.033139     0.033182     0.032090     0.034376     0.036954     0.035557     0.035499     0.035577     0.038485     0.036159     0.039924     0.043604     0.042751     0.044210     0.046695     0.044924     0.046062     0.043326     0.045610     0.044691     0.044597
     0.045024     0.046082     0.047400     0.043702     0.042588     0.042368     0.043200     0.043148     0.040989     0.039660     0.038020     0.034666     0.037925     0.036192     0.034977     0.033497     0.033737     0.033260     0.032370     0.033830     0.032660     0.033703     0.032896     0.031476     0.032859     0.034441     0.035101     0.034018     0.032385     0.033684     0.034353     0.033667     0.034024     0.031408     0.033204     0.033970     0.034955     0.037690     0.037652     0.036817     0.040353     0.044135     0.044119     0.043204     0.044975     0.044645     0.045333     0.043686     0.044014     0.043689
     0.044712     0.045857     0.046791     0.042487     0.042743     0.042795     0.042239     0.040284     0.040271     0.038429     0.037730     0.036151     0.035955     0.035263     0.034819     0.033804     0.030937     0.031663     0.032656     0.032885     0.033427     0.033588     0.032385     0.032520     0.031837     0.033344     0.031935     0.031677     0.032407     0.033299     0.033840     0.033548     0.033287     0.031857     0.033290     0.033746     0.035412     0.033503     0.035440     0.037022     0.041890     0.040517     0.041141     0.042135     0.043660     0.042005     0.043415     0.044086     0.044968     0.044574
     0.038316     0.037750     0.038075     0.037791     0.039198     0.039085     0.038382     0.040245     0.038732     0.037626     0.036905     0.036356     0.035734     0.036068     0.035922     0.034556     0.034771     0.034973     0.035301     0.035928     0.036283     0.036407     0.035930     0.036231     0.035821     0.034802     0.036352     0.036196     0.035602     0.035583     0.035015     0.034109     0.035147     0.035209     0.035240     0.034889     0.036126     0.036067     0.036160     0.036502     0.039408     0.039667     0.040558     0.038807     0.038748     0.038330     0.038070     0.038267     0.038654     0.038533
     0.033504     0.034032     0.034817     0.034962     0.035724     0.035885     0.036087     0.036481     0.035941     0.034853     0.034619     0.033206     0.033491     0.033659     0.033303     0.033578     0.033795     0.033873     0.034234     0.034626     0.035379     0.035166     0.035091     0.035482     0.034132     0.035401     0.034372     0.035098     0.034437     0.034494     0.034595     0.033372     0.034264     0.032856     0.033704     0.033549     0.033948     0.034414     0.034542     0.035278     0.035278     0.036119     0.036406     0.034904     0.034918     0.034836     0.034652     0.034769     0.034803     0.034149
     0.033012     0.033148     0.032980     0.032987     0.033087     0.033431     0.034064     0.035636     0.035876     0.034195     0.033263     0.033306     0.032167     0.033027     0.032606     0.033089     0.033953     0.033161     0.033586     0.032885     0.034974     0.034533     0.034634     0.034558     0.035171     0.035121     0.034177     0.034632     0.034574     0.034411     0.033874     0.033132     0.033517     0.033481     0.032625     0.033542     0.032833     0.032943     0.033777     0.033283     0.034467     0.034601     0.034132     0.033656     0.033064     0.033207     0.032514     0.032090     0.031805     0.031943
     0.032606     0.032478     0.032288     0.032324     0.032886     0.033863     0.033761     0.035410     0.035203     0.034565     0.033732     0.033877     0.032702     0.033385     0.032309     0.033381     0.033519     0.033349     0.034618     0.034213     0.033383     0.035071     0.034451     0.034659     0.034845     0.034704     0.034520     0.034599     0.034928     0.033955     0.034516     0.033745     0.033768     0.034460     0.033782     0.033559     0.033659     0.033365     0.034050     0.034094     0.035513     0.035626     0.034744     0.034450     0.033466     0.033627     0.033146     0.032748     0.032616     0.032435
     0.033886     0.033055     0.033608     0.033787     0.034468     0.034242     0.035785     0.037393     0.036876     0.035371     0.034863     0.034807     0.033243     0.033686     0.033561     0.034224     0.034168     0.034340     0.035286     0.033737     0.034178     0.034977     0.034054     0.035416     0.034980     0.033825     0.034718     0.035368     0.036006     0.035203     0.035295     0.033955     0.034198     0.033778     0.033085     0.032974     0.034458     0.033411     0.033553     0.034091     0.035704     0.036607     0.035866     0.035562     0.036216     0.034920     0.035236     0.035491     0.034907     0.034626
     0.038251     0.038408     0.038812     0.039605     0.038480     0.038606     0.038136     0.040583     0.039572     0.037561     0.036921     0.037064     0.036532     0.037345     0.036325     0.036269     0.036054     0.035457     0.035182     0.035028     0.035705     0.035582     0.035397     0.034966     0.035652     0.036579     0.036010     0.035938     0.035902     0.036627     0.035286     0.035663     0.036442     0.035415     0.035426     0.035400     0.035722     0.036083     0.036291     0.038946     0.038744     0.039449     0.040340     0.039128     0.039108     0.039037     0.039642     0.040257     0.039658     0.039108
     0.043316     0.041961     0.041995     0.041505     0.042773     0.041608     0.042215     0.042574     0.040580     0.038100     0.036466     0.036242     0.034477     0.034322     0.033435     0.033332     0.032003     0.031696     0.031748     0.031979     0.032667     0.031834     0.032063     0.033537     0.032176     0.030958     0.034335     0.032324     0.033358     0.031764     0.032775     0.032593     0.033010     0.032990     0.032569     0.033307     0.034446     0.032531     0.033772     0.035694     0.038699     0.040254     0.043867     0.041996     0.043930     0.043537     0.043590     0.043281     0.042927     0.044449
     0.043069     0.043772     0.045722     0.044943     0.042923     0.042965     0.044550     0.042379     0.041018     0.042688     0.037937     0.037663     0.036287     0.033966     0.035735     0.035083     0.032310     0.033984     0.035417     0.034576     0.033204     0.034930     0.034133     0.033719     0.032901     0.031667     0.033228     0.033515     0.032882     0.034057     0.033152     0.033165     0.034245     0.035940     0.033668     0.033538     0.034549     0.035786     0.036274     0.038610     0.039282     0.040708     0.040415     0.043046     0.043159     0.043398     0.043424     0.045087     0.044999     0.045131
     0.045165     0.044671     0.045982     0.043878     0.045180     0.043909     0.046381     0.044633     0.040929     0.040180     0.039443     0.038762     0.034888     0.036976     0.033126     0.034133     0.034292     0.034377     0.036123     0.033849     0.035393     0.033494     0.033490     0.033143     0.033264     0.034020     0.034602     0.034152     0.031506     0.035539     0.034270     0.034686     0.035094     0.035238     0.034360     0.037340     0.036897     0.038027     0.038666     0.041013     0.041426     0.042747     0.043572     0.043951     0.044766     0.043793     0.047905     0.046150     0.045102     0.045710
     0.047539     0.045063     0.045361     0.045470     0.041744     0.042961     0.046254     0.045516     0.045189     0.041673     0.037042     0.036731     0.038577     0.036958     0.036210     0.035104     0.038833     0.034557     0.038623     0.038176     0.035344     0.035118     0.034448     0.036161     0.033423     0.033890     0.035391     0.034666     0.033859     0.035170     0.033833     0.034200     0.036331     0.035607     0.037622     0.036958     0.038394     0.040030     0.039308     0.042342     0.042162     0.045217     0.045845     0.045746     0.045922     0.045744     0.045059     0.045493     0.046936     0.048223
     0.046015     0.048557     0.044687     0.047420     0.045364     0.045748     0.046531     0.046848     0.047039     0.042989     0.041061     0.040175     0.039761     0.039941     0.035821     0.036828     0.037847     0.034797     0.037044     0.035124     0.033849     0.034816     0.035623     0.034315     0.035382     0.035488     0.037488     0.033908     0.039206     0.036676     0.036461     0.036551     0.035768     0.036412     0.036434     0.037701     0.040258     0.040086     0.043878     0.040131     0.044451     0.048143     0.047122     0.047997     0.046558     0.046071     0.047738     0.046951     0.046384     0.048277
     0.046577     0.046025     0.044029     0.046055     0.049302     0.047894     0.046435     0.049031     0.045016     0.043146     0.043232     0.041139     0.041038     0.040027     0.036907     0.037289     0.036836     0.036389     0.038815     0.035480     0.037414     0.036401     0.034609     0.036878     0.038111     0.036737     0.038540     0.036332     0.035942     0.036156     0.033645     0.035999     0.037935     0.040328     0.037950     0.041135     0.038896     0.041403     0.042670     0.040645     0.043705     0.049414     0.046976     0.048900     0.048224     0.046750     0.046642     0.048870     0.048145     0.051336
     0.050640     0.046475     0.047316     0.048714     0.048185     0.047731     0.048119     0.047192     0.044590     0.044107     0.044125     0.040010     0.040432     0.038872     0.038827     0.037354     0.036606     0.039213     0.036718     0.036449     0.040166     0.037275     0.036834     0.039246     0.038395     0.037015     0.037294     0.036328     0.036103     0.037522     0.037252     0.039704     0.038708     0.038283     0.038485     0.040015     0.038311     0.040366     0.040234     0.045921     0.045432     0.046689     0.047972     0.047922     0.048747     0.048579     0.044313     0.048658     0.047630     0.049509
     0.048448     0.051353     0.050391     0.051900     0.049955     0.047712     0.046451     0.050567     0.046893     0.044413     0.044331     0.043891     0.041076     0.041315     0.039045     0.039154     0.040253     0.040050     0.038323     0.039814     0.040324     0.039427     0.040038     0.038119     0.037977     0.036558     0.035619     0.038009     0.036310     0.036444     0.038157     0.040008     0.037438     0.036904     0.039696     0.038569     0.040284     0.040112     0.042056     0.045550     0.046922     0.045542     0.047935     0.048337     0.047210     0.047583     0.048855     0.049454     0.049656     0.051011
     0.049939     0.051510     0.053334     0.048528     0.049539     0.048147     0.051052     0.050181     0.050071     0.048311     0.044309     0.045853     0.042929     0.039696     0.041966     0.039011     0.041047     0.040931     0.038938     0.039243     0.038065     0.037431     0.037266     0.039700     0.035391     0.040903     0.038952     0.037138     0.037253     0.038863     0.038113     0.038753     0.039789     0.039348     0.040864     0.041441     0.039014     0.043346     0.044194     0.045666     0.046361     0.049487     0.051511     0.051349     0.048488     0.051254     0.051694     0.049390     0.051330     0.053324
     0.053335     0.051389     0.052476     0.049117     0.049911     0.049372     0.050587     0.050221     0.049913     0.047977     0.046383     0.045314     0.042997     0.042140     0.041895     0.040383     0.044078     0.040417     0.041009     0.037999     0.040230     0.039680     0.037884     0.036211     0.038720     0.038819     0.037841     0.038038     0.038273     0.040221     0.038381     0.039777     0.038383     0.039489     0.040638     0.044991     0.040821     0.044922     0.045234     0.045840     0.047438     0.047323     0.050638     0.051298     0.055293     0.048273     0.051592     0.050317     0.051886     0.049337
     0.052559     0.052260     0.051712     0.049411     0.053883     0.049618     0.054839     0.052757     0.052556     0.048991     0.049646     0.044734     0.045326     0.043038     0.039892     0.042614     0.040513     0.040869     0.041478     0.041613     0.041126     0.039162     0.039813     0.039302     0.040914     0.039419     0.036889     0.039836     0.040159     0.039645     0.039280     0.039106     0.041977     0.041967     0.043498     0.042824     0.042229     0.045252     0.046505     0.048612     0.048466     0.048587     0.054601     0.054207     0.052908     0.052146     0.052619     0.053019     0.049130     0.051402
     0.053975     0.055315     0.053713     0.052204     0.055711     0.055097     0.054796     0.053690     0.051618     0.050809     0.047797     0.046361     0.047188     0.045841     0.042667     0.041965     0.040867     0.043866     0.042159     0.038530     0.039840     0.038738     0.039395     0.041206     0.041119     0.041027     0.039131     0.039974     0.040904     0.039310     0.041630     0.040303     0.041226     0.041485     0.041575     0.043171     0.043814     0.047812     0.044974     0.046987     0.049624     0.052939     0.051217     0.052416     0.052429     0.051607     0.052715     0.052209     0.053861     0.053343
     0.055216     0.053870     0.050548     0.052803     0.053907     0.055493     0.052469     0.055953     0.054317     0.051787     0.048844     0.049347     0.047566     0.044441     0.045483     0.044650     0.043975     0.041532     0.040528     0.041993     0.042921     0.042339     0.042782     0.040351     0.041904     0.039791     0.039905     0.040749     0.039939     0.042033     0.042209     0.042073     0.043439     0.045002     0.042730     0.043553     0.045073     0.050031     0.049889     0.048792     0.049591     0.057579     0.053895     0.051907     0.054073     0.052515     0.054954     0.055519     0.054426     0.052239
     0.055146     0.055738     0.054500     0.058348     0.055893     0.054026     0.053133     0.056517     0.056712     0.054428     0.055620     0.046393     0.047703     0.045136     0.044224     0.044303     0.044202     0.044021     0.043637     0.044383     0.043572     0.041688     0.040938     0.040627     0.042455     0.041386     0.040578     0.042506     0.040783     0.045100     0.044628     0.042163     0.043913     0.045329     0.047040     0.047301     0.046876     0.048313     0.050791     0.052028     0.054936     0.061795     0.055256     0.056545     0.053763     0.055083     0.054665     0.054996     0.053114     0.055827
     0.058802     0.056777     0.055725     0.057835     0.052593     0.057225     0.058401     0.055523     0.056315     0.051545     0.052490     0.052337     0.047179     0.045956     0.044824     0.042998     0.043699     0.042915     0.043075     0.046184     0.043593     0.042424     0.042411     0.041727     0.042887     0.043297     0.043471     0.043257     0.044325     0.044553     0.044030     0.046270     0.045886     0.043961     0.045512     0.043635     0.046951     0.047480     0.051876     0.054191     0.051158     0.055850     0.055129     0.052521     0.058041     0.054916     0.057430     0.056289     0.060625     0.057181
     0.055073     0.058370     0.057978     0.056665     0.057212     0.056710     0.055320     0.055776     0.057328     0.054901     0.055413     0.050581     0.049959     0.047505     0.046772     0.045853     0.046479     0.045615     0.044495     0.044297     0.043779     0.042860     0.043135     0.042867     0.044471     0.044133     0.045575     0.045244     0.048027     0.047140     0.044296     0.044564     0.044778     0.045035     0.045998     0.047727     0.047633     0.050892     0.053088     0.051097     0.052751     0.055668     0.053559     0.052061     0.055499     0.059607     0.056050     0.061031     0.058971     0.060505
     0.060080     0.062787     0.055695     0.055667     0.058533     0.060805     0.061614     0.057271     0.059447     0.053749     0.052249     0.051225     0.051876     0.048250     0.050051     0.049813     0.048501     0.046120     0.043983     0.045155     0.044334     0.044967     0.045381     0.045457     0.046261     0.044388     0.046790     0.046358     0.045745     0.044398     0.044470     0.045947     0.046389     0.045591     0.048552     0.051352     0.051565     0.051208     0.052815     0.053372     0.055893     0.055887     0.058790     0.056257     0.056061     0.054571     0.054164     0.059843     0.061255     0.059974
     0.059061     0.058832     0.059404     0.061453     0.059457     0.062163     0.060329     0.062854     0.057236     0.061684     0.054577     0.052205     0.053250     0.050072     0.053053     0.048158     0.050305     0.049757     0.046479     0.046948     0.047458     0.048181     0.049830     0.046215     0.047658     0.046379     0.046161     0.046360     0.046278     0.046259     0.045721     0.045866     0.049352     0.049027     0.051102     0.051135     0.049985     0.050137     0.052086     0.054265     0.057217     0.059393     0.065697     0.063901     0.060297     0.058220     0.057929     0.058691     0.062809     0.060802
     0.064313     0.056607     0.059566     0.063366     0.062463     0.065463     0.060477     0.063344     0.062384     0.065913     0.058613     0.055940     0.055195     0.052753     0.053706     0.053303     0.052997     0.052713     0.050434     0.049344     0.050447     0.050445     0.046944     0.046633     0.047054     0.050018     0.047447     0.049113     0.046616     0.048717     0.048237     0.048500     0.050493     0.050509     0.052841     0.053169     0.054667     0.053394     0.057038     0.055528     0.062364     0.060630     0.060562     0.062685     0.061502     0.058896     0.058499     0.059781     0.059681     0.060494
     0.059905     0.060650     0.062258     0.066242     0.067081     0.066311     0.069387     0.065562     0.065387     0.067565     0.061432     0.060929     0.055598     0.055813     0.054372     0.055476     0.054448     0.052252     0.048517     0.049701     0.052245     0.051338     0.049993     0.047588     0.050325     0.050100     0.051655     0.050733     0.048377     0.050293     0.054644     0.053248     0.051626     0.053305     0.053244     0.058522     0.055536     0.056620     0.055833     0.060617     0.065571     0.066444     0.066816     0.060009     0.060531     0.059808     0.060758     0.065158     0.062926     0.062474
     0.065423     0.067284     0.069243     0.068596     0.066324     0.068592     0.065141     0.067695     0.063255     0.064834     0.062273     0.061327     0.057268     0.056621     0.056283     0.056243     0.055157     0.056581     0.053943     0.053049     0.053693     0.052850     0.053651     0.054310     0.054555     0.055204     0.055323     0.055304     0.052860     0.054954     0.056130     0.053698     0.056812     0.058814     0.059279     0.060370     0.059677     0.059912     0.060353     0.062651     0.063218     0.066120     0.071822     0.065996     0.066420     0.062675     0.060644     0.061837     0.063900     0.063978
     0.062308     0.063150     0.068124     0.071613     0.068335     0.065697     0.072027     0.068051     0.065037     0.068628     0.069205     0.065393     0.060611     0.061987     0.063674     0.064483     0.059374     0.059164     0.058047     0.056293     0.059645     0.061144     0.058365     0.060060     0.058873     0.058841     0.058706     0.062142     0.060496     0.061389     0.060996     0.057024     0.059625     0.060211     0.061780     0.059605     0.060591     0.058389     0.066018     0.072426     0.066354     0.071016     0.071662     0.066774     0.067680     0.063586     0.065173     0.066625     0.062356     0.064231
