mcnp       6     07/11/19 15:40:34     2         1000000      1104835897
 c                     --- CELL CARDS ---                                       
ntal     1
   14
tally   14                   -1    0    0
 1 0 0 0 0 0 0 0 0 0 0 0 0 0 0 0 0 0 0 0 0 0 0 0 0 0 0 0 0 0 0 0 0 0 0 0 0
f        1
      4
d        1
u        0
s        0
m        0
c        0
et    1002
  1.00000E-06  1.09990E-05  2.09980E-05  3.09970E-05  4.09960E-05  5.09950E-05
  6.09940E-05  7.09930E-05  8.09920E-05  9.09910E-05  1.00990E-04  1.10989E-04
  1.20988E-04  1.30987E-04  1.40986E-04  1.50985E-04  1.60984E-04  1.70983E-04
  1.80982E-04  1.90981E-04  2.00980E-04  2.10979E-04  2.20978E-04  2.30977E-04
  2.40976E-04  2.50975E-04  2.60974E-04  2.70973E-04  2.80972E-04  2.90971E-04
  3.00970E-04  3.10969E-04  3.20968E-04  3.30967E-04  3.40966E-04  3.50965E-04
  3.60964E-04  3.70963E-04  3.80962E-04  3.90961E-04  4.00960E-04  4.10959E-04
  4.20958E-04  4.30957E-04  4.40956E-04  4.50955E-04  4.60954E-04  4.70953E-04
  4.80952E-04  4.90951E-04  5.00950E-04  5.10949E-04  5.20948E-04  5.30947E-04
  5.40946E-04  5.50945E-04  5.60944E-04  5.70943E-04  5.80942E-04  5.90941E-04
  6.00940E-04  6.10939E-04  6.20938E-04  6.30937E-04  6.40936E-04  6.50935E-04
  6.60934E-04  6.70933E-04  6.80932E-04  6.90931E-04  7.00930E-04  7.10929E-04
  7.20928E-04  7.30927E-04  7.40926E-04  7.50925E-04  7.60924E-04  7.70923E-04
  7.80922E-04  7.90921E-04  8.00920E-04  8.10919E-04  8.20918E-04  8.30917E-04
  8.40916E-04  8.50915E-04  8.60914E-04  8.70913E-04  8.80912E-04  8.90911E-04
  9.00910E-04  9.10909E-04  9.20908E-04  9.30907E-04  9.40906E-04  9.50905E-04
  9.60904E-04  9.70903E-04  9.80902E-04  9.90901E-04  1.00090E-03  1.01090E-03
  1.02090E-03  1.03090E-03  1.04090E-03  1.05090E-03  1.06089E-03  1.07089E-03
  1.08089E-03  1.09089E-03  1.10089E-03  1.11089E-03  1.12089E-03  1.13089E-03
  1.14089E-03  1.15088E-03  1.16088E-03  1.17088E-03  1.18088E-03  1.19088E-03
  1.20088E-03  1.21088E-03  1.22088E-03  1.23088E-03  1.24088E-03  1.25087E-03
  1.26087E-03  1.27087E-03  1.28087E-03  1.29087E-03  1.30087E-03  1.31087E-03
  1.32087E-03  1.33087E-03  1.34087E-03  1.35086E-03  1.36086E-03  1.37086E-03
  1.38086E-03  1.39086E-03  1.40086E-03  1.41086E-03  1.42086E-03  1.43086E-03
  1.44086E-03  1.45085E-03  1.46085E-03  1.47085E-03  1.48085E-03  1.49085E-03
  1.50085E-03  1.51085E-03  1.52085E-03  1.53085E-03  1.54085E-03  1.55084E-03
  1.56084E-03  1.57084E-03  1.58084E-03  1.59084E-03  1.60084E-03  1.61084E-03
  1.62084E-03  1.63084E-03  1.64084E-03  1.65083E-03  1.66083E-03  1.67083E-03
  1.68083E-03  1.69083E-03  1.70083E-03  1.71083E-03  1.72083E-03  1.73083E-03
  1.74083E-03  1.75082E-03  1.76082E-03  1.77082E-03  1.78082E-03  1.79082E-03
  1.80082E-03  1.81082E-03  1.82082E-03  1.83082E-03  1.84082E-03  1.85081E-03
  1.86081E-03  1.87081E-03  1.88081E-03  1.89081E-03  1.90081E-03  1.91081E-03
  1.92081E-03  1.93081E-03  1.94081E-03  1.95080E-03  1.96080E-03  1.97080E-03
  1.98080E-03  1.99080E-03  2.00080E-03  2.01080E-03  2.02080E-03  2.03080E-03
  2.04080E-03  2.05079E-03  2.06079E-03  2.07079E-03  2.08079E-03  2.09079E-03
  2.10079E-03  2.11079E-03  2.12079E-03  2.13079E-03  2.14079E-03  2.15078E-03
  2.16078E-03  2.17078E-03  2.18078E-03  2.19078E-03  2.20078E-03  2.21078E-03
  2.22078E-03  2.23078E-03  2.24078E-03  2.25077E-03  2.26077E-03  2.27077E-03
  2.28077E-03  2.29077E-03  2.30077E-03  2.31077E-03  2.32077E-03  2.33077E-03
  2.34077E-03  2.35076E-03  2.36076E-03  2.37076E-03  2.38076E-03  2.39076E-03
  2.40076E-03  2.41076E-03  2.42076E-03  2.43076E-03  2.44076E-03  2.45075E-03
  2.46075E-03  2.47075E-03  2.48075E-03  2.49075E-03  2.50075E-03  2.51075E-03
  2.52075E-03  2.53075E-03  2.54075E-03  2.55074E-03  2.56074E-03  2.57074E-03
  2.58074E-03  2.59074E-03  2.60074E-03  2.61074E-03  2.62074E-03  2.63074E-03
  2.64074E-03  2.65073E-03  2.66073E-03  2.67073E-03  2.68073E-03  2.69073E-03
  2.70073E-03  2.71073E-03  2.72073E-03  2.73073E-03  2.74073E-03  2.75073E-03
  2.76072E-03  2.77072E-03  2.78072E-03  2.79072E-03  2.80072E-03  2.81072E-03
  2.82072E-03  2.83072E-03  2.84072E-03  2.85072E-03  2.86071E-03  2.87071E-03
  2.88071E-03  2.89071E-03  2.90071E-03  2.91071E-03  2.92071E-03  2.93071E-03
  2.94071E-03  2.95071E-03  2.96070E-03  2.97070E-03  2.98070E-03  2.99070E-03
  3.00070E-03  3.01070E-03  3.02070E-03  3.03070E-03  3.04070E-03  3.05070E-03
  3.06069E-03  3.07069E-03  3.08069E-03  3.09069E-03  3.10069E-03  3.11069E-03
  3.12069E-03  3.13069E-03  3.14069E-03  3.15069E-03  3.16068E-03  3.17068E-03
  3.18068E-03  3.19068E-03  3.20068E-03  3.21068E-03  3.22068E-03  3.23068E-03
  3.24068E-03  3.25068E-03  3.26067E-03  3.27067E-03  3.28067E-03  3.29067E-03
  3.30067E-03  3.31067E-03  3.32067E-03  3.33067E-03  3.34067E-03  3.35067E-03
  3.36066E-03  3.37066E-03  3.38066E-03  3.39066E-03  3.40066E-03  3.41066E-03
  3.42066E-03  3.43066E-03  3.44066E-03  3.45066E-03  3.46065E-03  3.47065E-03
  3.48065E-03  3.49065E-03  3.50065E-03  3.51065E-03  3.52065E-03  3.53065E-03
  3.54065E-03  3.55065E-03  3.56064E-03  3.57064E-03  3.58064E-03  3.59064E-03
  3.60064E-03  3.61064E-03  3.62064E-03  3.63064E-03  3.64064E-03  3.65064E-03
  3.66063E-03  3.67063E-03  3.68063E-03  3.69063E-03  3.70063E-03  3.71063E-03
  3.72063E-03  3.73063E-03  3.74063E-03  3.75063E-03  3.76062E-03  3.77062E-03
  3.78062E-03  3.79062E-03  3.80062E-03  3.81062E-03  3.82062E-03  3.83062E-03
  3.84062E-03  3.85062E-03  3.86061E-03  3.87061E-03  3.88061E-03  3.89061E-03
  3.90061E-03  3.91061E-03  3.92061E-03  3.93061E-03  3.94061E-03  3.95061E-03
  3.96060E-03  3.97060E-03  3.98060E-03  3.99060E-03  4.00060E-03  4.01060E-03
  4.02060E-03  4.03060E-03  4.04060E-03  4.05060E-03  4.06059E-03  4.07059E-03
  4.08059E-03  4.09059E-03  4.10059E-03  4.11059E-03  4.12059E-03  4.13059E-03
  4.14059E-03  4.15059E-03  4.16058E-03  4.17058E-03  4.18058E-03  4.19058E-03
  4.20058E-03  4.21058E-03  4.22058E-03  4.23058E-03  4.24058E-03  4.25058E-03
  4.26057E-03  4.27057E-03  4.28057E-03  4.29057E-03  4.30057E-03  4.31057E-03
  4.32057E-03  4.33057E-03  4.34057E-03  4.35057E-03  4.36056E-03  4.37056E-03
  4.38056E-03  4.39056E-03  4.40056E-03  4.41056E-03  4.42056E-03  4.43056E-03
  4.44056E-03  4.45056E-03  4.46055E-03  4.47055E-03  4.48055E-03  4.49055E-03
  4.50055E-03  4.51055E-03  4.52055E-03  4.53055E-03  4.54055E-03  4.55055E-03
  4.56054E-03  4.57054E-03  4.58054E-03  4.59054E-03  4.60054E-03  4.61054E-03
  4.62054E-03  4.63054E-03  4.64054E-03  4.65054E-03  4.66053E-03  4.67053E-03
  4.68053E-03  4.69053E-03  4.70053E-03  4.71053E-03  4.72053E-03  4.73053E-03
  4.74053E-03  4.75053E-03  4.76052E-03  4.77052E-03  4.78052E-03  4.79052E-03
  4.80052E-03  4.81052E-03  4.82052E-03  4.83052E-03  4.84052E-03  4.85052E-03
  4.86051E-03  4.87051E-03  4.88051E-03  4.89051E-03  4.90051E-03  4.91051E-03
  4.92051E-03  4.93051E-03  4.94051E-03  4.95051E-03  4.96050E-03  4.97050E-03
  4.98050E-03  4.99050E-03  5.00050E-03  5.01050E-03  5.02050E-03  5.03050E-03
  5.04050E-03  5.05050E-03  5.06049E-03  5.07049E-03  5.08049E-03  5.09049E-03
  5.10049E-03  5.11049E-03  5.12049E-03  5.13049E-03  5.14049E-03  5.15049E-03
  5.16048E-03  5.17048E-03  5.18048E-03  5.19048E-03  5.20048E-03  5.21048E-03
  5.22048E-03  5.23048E-03  5.24048E-03  5.25048E-03  5.26047E-03  5.27047E-03
  5.28047E-03  5.29047E-03  5.30047E-03  5.31047E-03  5.32047E-03  5.33047E-03
  5.34047E-03  5.35047E-03  5.36046E-03  5.37046E-03  5.38046E-03  5.39046E-03
  5.40046E-03  5.41046E-03  5.42046E-03  5.43046E-03  5.44046E-03  5.45046E-03
  5.46045E-03  5.47045E-03  5.48045E-03  5.49045E-03  5.50045E-03  5.51045E-03
  5.52045E-03  5.53045E-03  5.54045E-03  5.55045E-03  5.56044E-03  5.57044E-03
  5.58044E-03  5.59044E-03  5.60044E-03  5.61044E-03  5.62044E-03  5.63044E-03
  5.64044E-03  5.65044E-03  5.66043E-03  5.67043E-03  5.68043E-03  5.69043E-03
  5.70043E-03  5.71043E-03  5.72043E-03  5.73043E-03  5.74043E-03  5.75043E-03
  5.76042E-03  5.77042E-03  5.78042E-03  5.79042E-03  5.80042E-03  5.81042E-03
  5.82042E-03  5.83042E-03  5.84042E-03  5.85042E-03  5.86041E-03  5.87041E-03
  5.88041E-03  5.89041E-03  5.90041E-03  5.91041E-03  5.92041E-03  5.93041E-03
  5.94041E-03  5.95041E-03  5.96040E-03  5.97040E-03  5.98040E-03  5.99040E-03
  6.00040E-03  6.01040E-03  6.02040E-03  6.03040E-03  6.04040E-03  6.05040E-03
  6.06039E-03  6.07039E-03  6.08039E-03  6.09039E-03  6.10039E-03  6.11039E-03
  6.12039E-03  6.13039E-03  6.14039E-03  6.15039E-03  6.16038E-03  6.17038E-03
  6.18038E-03  6.19038E-03  6.20038E-03  6.21038E-03  6.22038E-03  6.23038E-03
  6.24038E-03  6.25038E-03  6.26037E-03  6.27037E-03  6.28037E-03  6.29037E-03
  6.30037E-03  6.31037E-03  6.32037E-03  6.33037E-03  6.34037E-03  6.35037E-03
  6.36036E-03  6.37036E-03  6.38036E-03  6.39036E-03  6.40036E-03  6.41036E-03
  6.42036E-03  6.43036E-03  6.44036E-03  6.45036E-03  6.46035E-03  6.47035E-03
  6.48035E-03  6.49035E-03  6.50035E-03  6.51035E-03  6.52035E-03  6.53035E-03
  6.54035E-03  6.55035E-03  6.56034E-03  6.57034E-03  6.58034E-03  6.59034E-03
  6.60034E-03  6.61034E-03  6.62034E-03  6.63034E-03  6.64034E-03  6.65034E-03
  6.66033E-03  6.67033E-03  6.68033E-03  6.69033E-03  6.70033E-03  6.71033E-03
  6.72033E-03  6.73033E-03  6.74033E-03  6.75033E-03  6.76032E-03  6.77032E-03
  6.78032E-03  6.79032E-03  6.80032E-03  6.81032E-03  6.82032E-03  6.83032E-03
  6.84032E-03  6.85032E-03  6.86031E-03  6.87031E-03  6.88031E-03  6.89031E-03
  6.90031E-03  6.91031E-03  6.92031E-03  6.93031E-03  6.94031E-03  6.95031E-03
  6.96030E-03  6.97030E-03  6.98030E-03  6.99030E-03  7.00030E-03  7.01030E-03
  7.02030E-03  7.03030E-03  7.04030E-03  7.05030E-03  7.06029E-03  7.07029E-03
  7.08029E-03  7.09029E-03  7.10029E-03  7.11029E-03  7.12029E-03  7.13029E-03
  7.14029E-03  7.15029E-03  7.16028E-03  7.17028E-03  7.18028E-03  7.19028E-03
  7.20028E-03  7.21028E-03  7.22028E-03  7.23028E-03  7.24028E-03  7.25028E-03
  7.26027E-03  7.27027E-03  7.28027E-03  7.29027E-03  7.30027E-03  7.31027E-03
  7.32027E-03  7.33027E-03  7.34027E-03  7.35027E-03  7.36026E-03  7.37026E-03
  7.38026E-03  7.39026E-03  7.40026E-03  7.41026E-03  7.42026E-03  7.43026E-03
  7.44026E-03  7.45026E-03  7.46025E-03  7.47025E-03  7.48025E-03  7.49025E-03
  7.50025E-03  7.51025E-03  7.52025E-03  7.53025E-03  7.54025E-03  7.55025E-03
  7.56024E-03  7.57024E-03  7.58024E-03  7.59024E-03  7.60024E-03  7.61024E-03
  7.62024E-03  7.63024E-03  7.64024E-03  7.65024E-03  7.66023E-03  7.67023E-03
  7.68023E-03  7.69023E-03  7.70023E-03  7.71023E-03  7.72023E-03  7.73023E-03
  7.74023E-03  7.75023E-03  7.76022E-03  7.77022E-03  7.78022E-03  7.79022E-03
  7.80022E-03  7.81022E-03  7.82022E-03  7.83022E-03  7.84022E-03  7.85022E-03
  7.86021E-03  7.87021E-03  7.88021E-03  7.89021E-03  7.90021E-03  7.91021E-03
  7.92021E-03  7.93021E-03  7.94021E-03  7.95021E-03  7.96020E-03  7.97020E-03
  7.98020E-03  7.99020E-03  8.00020E-03  8.01020E-03  8.02020E-03  8.03020E-03
  8.04020E-03  8.05020E-03  8.06019E-03  8.07019E-03  8.08019E-03  8.09019E-03
  8.10019E-03  8.11019E-03  8.12019E-03  8.13019E-03  8.14019E-03  8.15019E-03
  8.16018E-03  8.17018E-03  8.18018E-03  8.19018E-03  8.20018E-03  8.21018E-03
  8.22018E-03  8.23018E-03  8.24018E-03  8.25018E-03  8.26017E-03  8.27017E-03
  8.28017E-03  8.29017E-03  8.30017E-03  8.31017E-03  8.32017E-03  8.33017E-03
  8.34017E-03  8.35017E-03  8.36016E-03  8.37016E-03  8.38016E-03  8.39016E-03
  8.40016E-03  8.41016E-03  8.42016E-03  8.43016E-03  8.44016E-03  8.45016E-03
  8.46015E-03  8.47015E-03  8.48015E-03  8.49015E-03  8.50015E-03  8.51015E-03
  8.52015E-03  8.53015E-03  8.54015E-03  8.55015E-03  8.56014E-03  8.57014E-03
  8.58014E-03  8.59014E-03  8.60014E-03  8.61014E-03  8.62014E-03  8.63014E-03
  8.64014E-03  8.65014E-03  8.66013E-03  8.67013E-03  8.68013E-03  8.69013E-03
  8.70013E-03  8.71013E-03  8.72013E-03  8.73013E-03  8.74013E-03  8.75013E-03
  8.76012E-03  8.77012E-03  8.78012E-03  8.79012E-03  8.80012E-03  8.81012E-03
  8.82012E-03  8.83012E-03  8.84012E-03  8.85012E-03  8.86011E-03  8.87011E-03
  8.88011E-03  8.89011E-03  8.90011E-03  8.91011E-03  8.92011E-03  8.93011E-03
  8.94011E-03  8.95011E-03  8.96010E-03  8.97010E-03  8.98010E-03  8.99010E-03
  9.00010E-03  9.01010E-03  9.02010E-03  9.03010E-03  9.04010E-03  9.05010E-03
  9.06009E-03  9.07009E-03  9.08009E-03  9.09009E-03  9.10009E-03  9.11009E-03
  9.12009E-03  9.13009E-03  9.14009E-03  9.15009E-03  9.16008E-03  9.17008E-03
  9.18008E-03  9.19008E-03  9.20008E-03  9.21008E-03  9.22008E-03  9.23008E-03
  9.24008E-03  9.25008E-03  9.26007E-03  9.27007E-03  9.28007E-03  9.29007E-03
  9.30007E-03  9.31007E-03  9.32007E-03  9.33007E-03  9.34007E-03  9.35007E-03
  9.36006E-03  9.37006E-03  9.38006E-03  9.39006E-03  9.40006E-03  9.41006E-03
  9.42006E-03  9.43006E-03  9.44006E-03  9.45006E-03  9.46005E-03  9.47005E-03
  9.48005E-03  9.49005E-03  9.50005E-03  9.51005E-03  9.52005E-03  9.53005E-03
  9.54005E-03  9.55005E-03  9.56004E-03  9.57004E-03  9.58004E-03  9.59004E-03
  9.60004E-03  9.61004E-03  9.62004E-03  9.63004E-03  9.64004E-03  9.65004E-03
  9.66003E-03  9.67003E-03  9.68003E-03  9.69003E-03  9.70003E-03  9.71003E-03
  9.72003E-03  9.73003E-03  9.74003E-03  9.75003E-03  9.76002E-03  9.77002E-03
  9.78002E-03  9.79002E-03  9.80002E-03  9.81002E-03  9.82002E-03  9.83002E-03
  9.84002E-03  9.85002E-03  9.86001E-03  9.87001E-03  9.88001E-03  9.89001E-03
  9.90001E-03  9.91001E-03  9.92001E-03  9.93001E-03  9.94001E-03  9.95001E-03
  9.96000E-03  9.97000E-03  9.98000E-03  9.99000E-03  1.00000E-02
t        0
vals
  8.50266E-15 0.0014  6.03272E-16 0.0016  1.61719E-16 0.0027  9.57768E-17 0.0033
  6.80782E-17 0.0038  5.26343E-17 0.0043  4.28528E-17 0.0047  3.61750E-17 0.0051
  3.08174E-17 0.0054  2.75859E-17 0.0057  2.43017E-17 0.0061  2.17639E-17 0.0064
  1.97532E-17 0.0067  1.80151E-17 0.0070  1.65985E-17 0.0073  1.54993E-17 0.0075
  1.43919E-17 0.0077  1.35083E-17 0.0080  1.25773E-17 0.0082  1.20018E-17 0.0085
  1.11005E-17 0.0087  1.06554E-17 0.0090  1.03372E-17 0.0091  9.67955E-18 0.0094
  9.18884E-18 0.0096  8.81979E-18 0.0098  8.59850E-18 0.0100  8.08928E-18 0.0101
  7.86435E-18 0.0103  7.62204E-18 0.0106  7.27019E-18 0.0107  7.06014E-18 0.0109
  6.78924E-18 0.0110  6.58767E-18 0.0113  6.26975E-18 0.0116  6.10790E-18 0.0117
  6.01293E-18 0.0118  5.73583E-18 0.0121  5.62278E-18 0.0122  5.54552E-18 0.0122
  5.40125E-18 0.0124  5.07650E-18 0.0127  4.95439E-18 0.0128  4.91811E-18 0.0130
  4.81285E-18 0.0130  4.61474E-18 0.0133  4.55321E-18 0.0135  4.38117E-18 0.0136
  4.26186E-18 0.0139  4.24202E-18 0.0139  4.20164E-18 0.0140  4.05548E-18 0.0140
  4.08487E-18 0.0143  3.79127E-18 0.0147  3.76655E-18 0.0146  3.78534E-18 0.0147
  3.64454E-18 0.0149  3.48767E-18 0.0152  3.54710E-18 0.0150  3.39189E-18 0.0153
  3.31769E-18 0.0157  3.31872E-18 0.0155  3.19556E-18 0.0160  3.18362E-18 0.0159
  3.12314E-18 0.0159  3.20850E-18 0.0159  3.08357E-18 0.0162  3.04009E-18 0.0164
  3.00834E-18 0.0164  2.91979E-18 0.0166  2.86222E-18 0.0166  2.83375E-18 0.0168
  2.75518E-18 0.0170  2.71549E-18 0.0173  2.70842E-18 0.0174  2.72779E-18 0.0174
  2.69194E-18 0.0174  2.57105E-18 0.0177  2.53134E-18 0.0179  2.47833E-18 0.0178
  2.37176E-18 0.0181  2.42605E-18 0.0181  2.47550E-18 0.0180  2.41219E-18 0.0182
  2.32665E-18 0.0182  2.32254E-18 0.0186  2.34160E-18 0.0187  2.23589E-18 0.0189
  2.22818E-18 0.0192  2.25551E-18 0.0188  2.18848E-18 0.0194  2.23109E-18 0.0191
  2.13351E-18 0.0190  2.11498E-18 0.0193  2.11164E-18 0.0195  2.09266E-18 0.0197
  2.06322E-18 0.0199  2.00445E-18 0.0201  1.96994E-18 0.0197  1.99692E-18 0.0202
  1.87840E-18 0.0205  1.96149E-18 0.0202  1.92793E-18 0.0204  1.92008E-18 0.0204
  1.77573E-18 0.0210  1.87751E-18 0.0205  1.92157E-18 0.0203  1.80266E-18 0.0210
  1.78001E-18 0.0212  1.81646E-18 0.0209  1.75756E-18 0.0213  1.74520E-18 0.0213
  1.76652E-18 0.0216  1.75563E-18 0.0216  1.57962E-18 0.0221  1.68852E-18 0.0217
  1.59957E-18 0.0222  1.62457E-18 0.0220  1.67260E-18 0.0222  1.59232E-18 0.0225
  1.59158E-18 0.0221  1.59313E-18 0.0223  1.55513E-18 0.0221  1.55700E-18 0.0227
  1.54601E-18 0.0231  1.57476E-18 0.0225  1.45038E-18 0.0234  1.47915E-18 0.0227
  1.53010E-18 0.0228  1.48597E-18 0.0233  1.46833E-18 0.0231  1.46497E-18 0.0227
  1.37121E-18 0.0237  1.41002E-18 0.0236  1.41545E-18 0.0238  1.40812E-18 0.0237
  1.41506E-18 0.0237  1.37674E-18 0.0237  1.35874E-18 0.0240  1.28820E-18 0.0247
  1.35398E-18 0.0244  1.29040E-18 0.0243  1.32664E-18 0.0246  1.33315E-18 0.0246
  1.32708E-18 0.0241  1.28890E-18 0.0248  1.30379E-18 0.0250  1.26956E-18 0.0249
  1.25450E-18 0.0251  1.19973E-18 0.0256  1.24450E-18 0.0252  1.18986E-18 0.0251
  1.16827E-18 0.0254  1.20608E-18 0.0247  1.21500E-18 0.0257  1.20953E-18 0.0259
  1.14056E-18 0.0266  1.24389E-18 0.0256  1.16336E-18 0.0255  1.14441E-18 0.0262
  1.14862E-18 0.0259  1.15167E-18 0.0259  1.13667E-18 0.0261  1.11794E-18 0.0260
  1.12751E-18 0.0261  1.09767E-18 0.0266  1.10523E-18 0.0267  1.13103E-18 0.0267
  1.07581E-18 0.0270  1.08694E-18 0.0265  1.09290E-18 0.0272  1.03492E-18 0.0278
  1.01181E-18 0.0275  1.02435E-18 0.0275  1.05671E-18 0.0274  1.01635E-18 0.0277
  9.97321E-19 0.0279  1.04215E-18 0.0274  9.87792E-19 0.0290  1.02685E-18 0.0275
  1.03116E-18 0.0279  1.00643E-18 0.0279  9.07671E-19 0.0290  1.06466E-18 0.0275
  9.64653E-19 0.0284  1.01228E-18 0.0277  9.76723E-19 0.0286  9.69358E-19 0.0284
  9.67087E-19 0.0278  9.53522E-19 0.0281  9.64686E-19 0.0285  9.47742E-19 0.0285
  9.39288E-19 0.0289  9.01469E-19 0.0293  8.78488E-19 0.0298  9.24244E-19 0.0292
  8.97244E-19 0.0289  9.16071E-19 0.0292  9.08486E-19 0.0292  9.46293E-19 0.0292
  8.98647E-19 0.0291  9.29538E-19 0.0293  8.22125E-19 0.0296  8.49252E-19 0.0302
  8.81392E-19 0.0305  9.32022E-19 0.0291  8.18537E-19 0.0309  8.97788E-19 0.0293
  8.69878E-19 0.0298  8.54059E-19 0.0299  8.08989E-19 0.0310  8.63070E-19 0.0305
  8.13972E-19 0.0305  8.67592E-19 0.0303  7.81860E-19 0.0322  8.60575E-19 0.0300
  8.47310E-19 0.0302  8.00131E-19 0.0316  8.24758E-19 0.0305  8.18133E-19 0.0315
  8.08059E-19 0.0313  7.81410E-19 0.0305  7.71858E-19 0.0323  7.61274E-19 0.0319
  7.90396E-19 0.0317  7.79318E-19 0.0314  8.03913E-19 0.0308  7.63482E-19 0.0317
  7.60525E-19 0.0328  7.39536E-19 0.0319  8.08314E-19 0.0315  7.73052E-19 0.0308
  7.28957E-19 0.0321  7.46562E-19 0.0325  7.69470E-19 0.0324  7.88584E-19 0.0319
  7.86664E-19 0.0314  7.59307E-19 0.0323  7.40273E-19 0.0322  7.27437E-19 0.0324
  6.93904E-19 0.0331  7.50605E-19 0.0328  7.23339E-19 0.0326  7.51950E-19 0.0318
  7.36079E-19 0.0336  7.34239E-19 0.0325  7.23762E-19 0.0321  6.69438E-19 0.0328
  6.97620E-19 0.0336  6.93261E-19 0.0335  7.02267E-19 0.0345  6.82383E-19 0.0337
  7.40401E-19 0.0338  6.90185E-19 0.0337  6.48978E-19 0.0347  6.44155E-19 0.0338
  6.69480E-19 0.0339  6.85987E-19 0.0334  6.84099E-19 0.0332  6.68725E-19 0.0337
  6.43566E-19 0.0350  6.87332E-19 0.0344  6.75785E-19 0.0347  6.33867E-19 0.0348
  6.35643E-19 0.0338  6.66876E-19 0.0350  6.54778E-19 0.0342  6.25226E-19 0.0345
  6.30070E-19 0.0347  6.82921E-19 0.0341  6.50855E-19 0.0357  6.10825E-19 0.0366
  6.11088E-19 0.0361  6.55315E-19 0.0357  6.08365E-19 0.0341  5.86328E-19 0.0361
  6.33145E-19 0.0353  5.83540E-19 0.0352  6.08432E-19 0.0361  6.07445E-19 0.0354
  6.25022E-19 0.0349  6.11233E-19 0.0357  6.04400E-19 0.0350  5.63262E-19 0.0371
  6.17538E-19 0.0354  6.06921E-19 0.0370  6.14449E-19 0.0353  5.83505E-19 0.0357
  5.93072E-19 0.0373  5.96836E-19 0.0365  6.26939E-19 0.0359  5.90813E-19 0.0361
  5.93658E-19 0.0360  6.14629E-19 0.0371  5.57783E-19 0.0374  5.85573E-19 0.0369
  5.98025E-19 0.0367  5.22397E-19 0.0371  5.68745E-19 0.0376  6.01208E-19 0.0362
  5.97843E-19 0.0375  5.43339E-19 0.0383  5.72715E-19 0.0364  5.54716E-19 0.0373
  5.48822E-19 0.0384  5.66509E-19 0.0369  5.73130E-19 0.0368  5.30630E-19 0.0385
  5.50355E-19 0.0383  5.54061E-19 0.0368  5.14643E-19 0.0384  5.30840E-19 0.0383
  5.65037E-19 0.0368  5.60315E-19 0.0365  5.31356E-19 0.0381  5.43875E-19 0.0375
  5.32016E-19 0.0384  5.75227E-19 0.0367  5.07941E-19 0.0390  5.54367E-19 0.0375
  5.30930E-19 0.0387  5.30199E-19 0.0380  5.38616E-19 0.0386  5.17105E-19 0.0377
  5.09774E-19 0.0397  5.33520E-19 0.0371  5.21946E-19 0.0391  5.38567E-19 0.0392
  5.15873E-19 0.0399  5.71368E-19 0.0379  4.58728E-19 0.0409  4.86671E-19 0.0395
  4.69589E-19 0.0394  5.38887E-19 0.0387  4.91666E-19 0.0405  5.20633E-19 0.0388
  5.04615E-19 0.0401  4.71533E-19 0.0389  5.30166E-19 0.0403  5.22024E-19 0.0390
  5.04458E-19 0.0396  5.33956E-19 0.0396  4.72304E-19 0.0395  5.15921E-19 0.0407
  4.73798E-19 0.0395  5.10042E-19 0.0398  4.54458E-19 0.0402  4.93705E-19 0.0395
  4.70309E-19 0.0388  4.65291E-19 0.0415  4.60480E-19 0.0405  4.63887E-19 0.0408
  4.70021E-19 0.0420  4.54292E-19 0.0408  4.58712E-19 0.0408  4.71266E-19 0.0411
  4.68500E-19 0.0400  4.49459E-19 0.0410  4.55020E-19 0.0407  4.34130E-19 0.0417
  4.81942E-19 0.0411  4.50252E-19 0.0416  4.63695E-19 0.0417  4.20175E-19 0.0415
  4.25683E-19 0.0423  4.35799E-19 0.0415  4.50099E-19 0.0421  4.24732E-19 0.0421
  4.22880E-19 0.0424  4.20817E-19 0.0416  4.42789E-19 0.0423  4.45769E-19 0.0422
  4.33420E-19 0.0435  4.34813E-19 0.0420  4.37948E-19 0.0423  4.42349E-19 0.0418
  4.58489E-19 0.0408  4.40692E-19 0.0421  4.39960E-19 0.0419  4.62918E-19 0.0417
  4.38585E-19 0.0426  4.60540E-19 0.0429  4.83209E-19 0.0411  4.31960E-19 0.0419
  4.13630E-19 0.0442  4.53559E-19 0.0422  4.24882E-19 0.0438  4.27322E-19 0.0430
  3.92755E-19 0.0447  4.37378E-19 0.0432  3.93668E-19 0.0441  3.98140E-19 0.0446
  4.57626E-19 0.0420  4.28927E-19 0.0436  4.06131E-19 0.0435  4.25014E-19 0.0435
  4.23856E-19 0.0435  3.85162E-19 0.0437  4.06285E-19 0.0433  4.03285E-19 0.0426
  4.23772E-19 0.0441  3.93676E-19 0.0438  4.21753E-19 0.0430  3.97175E-19 0.0453
  3.89911E-19 0.0435  4.22916E-19 0.0456  3.83051E-19 0.0465  4.00844E-19 0.0459
  3.97638E-19 0.0464  4.01579E-19 0.0434  3.89996E-19 0.0453  3.94992E-19 0.0438
  4.15411E-19 0.0456  4.02512E-19 0.0441  3.75848E-19 0.0442  3.89888E-19 0.0448
  3.65692E-19 0.0445  3.67908E-19 0.0448  3.90666E-19 0.0445  3.77949E-19 0.0456
  4.18487E-19 0.0456  4.01144E-19 0.0447  3.76999E-19 0.0456  3.89740E-19 0.0446
  3.98055E-19 0.0442  3.77093E-19 0.0453  4.13390E-19 0.0433  3.70059E-19 0.0463
  3.55517E-19 0.0463  3.79609E-19 0.0449  3.79383E-19 0.0462  3.63743E-19 0.0468
  3.75103E-19 0.0451  3.32011E-19 0.0461  3.43063E-19 0.0473  3.53338E-19 0.0466
  3.87886E-19 0.0468  3.53837E-19 0.0451  3.74527E-19 0.0451  3.62608E-19 0.0459
  3.65885E-19 0.0458  3.59655E-19 0.0465  3.57230E-19 0.0465  3.74614E-19 0.0481
  3.64496E-19 0.0464  3.43765E-19 0.0473  3.47145E-19 0.0488  3.50729E-19 0.0469
  3.80782E-19 0.0464  3.62991E-19 0.0472  3.67271E-19 0.0485  3.69960E-19 0.0488
  3.70971E-19 0.0458  3.58184E-19 0.0487  3.54933E-19 0.0467  3.27532E-19 0.0488
  3.55126E-19 0.0463  3.41751E-19 0.0471  3.86986E-19 0.0465  3.33490E-19 0.0474
  3.63832E-19 0.0470  3.54718E-19 0.0463  3.41362E-19 0.0463  3.27594E-19 0.0493
  3.64477E-19 0.0467  3.27337E-19 0.0473  3.31293E-19 0.0479  3.48520E-19 0.0488
  3.13784E-19 0.0482  3.33470E-19 0.0489  3.31080E-19 0.0486  3.31445E-19 0.0488
  3.60963E-19 0.0474  3.41854E-19 0.0485  3.32883E-19 0.0476  3.32016E-19 0.0461
  3.22582E-19 0.0509  3.61662E-19 0.0482  3.06138E-19 0.0491  3.41302E-19 0.0467
  3.23661E-19 0.0492  3.50307E-19 0.0461  3.42337E-19 0.0493  3.39239E-19 0.0467
  3.15940E-19 0.0495  3.24227E-19 0.0487  3.34057E-19 0.0476  3.25757E-19 0.0475
  3.17408E-19 0.0504  3.21433E-19 0.0505  3.38790E-19 0.0483  3.26931E-19 0.0496
  3.09222E-19 0.0529  3.08942E-19 0.0494  3.07467E-19 0.0504  3.01528E-19 0.0505
  3.45658E-19 0.0489  3.16325E-19 0.0478  3.38805E-19 0.0501  3.34073E-19 0.0477
  3.05019E-19 0.0506  3.06998E-19 0.0486  3.11160E-19 0.0492  3.11730E-19 0.0492
  3.41609E-19 0.0490  2.72455E-19 0.0512  2.99399E-19 0.0502  3.06893E-19 0.0486
  3.04674E-19 0.0505  3.24176E-19 0.0495  2.98262E-19 0.0525  3.25286E-19 0.0489
  3.17814E-19 0.0526  2.83669E-19 0.0490  2.95415E-19 0.0504  3.12420E-19 0.0508
  3.01874E-19 0.0522  3.02492E-19 0.0521  3.20437E-19 0.0507  2.78303E-19 0.0548
  2.97657E-19 0.0495  3.13588E-19 0.0517  3.02763E-19 0.0514  3.31186E-19 0.0495
  2.92121E-19 0.0534  3.32699E-19 0.0490  2.97891E-19 0.0506  2.85312E-19 0.0515
  3.03558E-19 0.0527  2.86063E-19 0.0524  3.05204E-19 0.0512  3.07316E-19 0.0509
  3.18464E-19 0.0507  3.03900E-19 0.0509  2.88139E-19 0.0530  2.47506E-19 0.0541
  2.91229E-19 0.0511  2.78134E-19 0.0524  2.95559E-19 0.0548  2.96729E-19 0.0537
  3.07274E-19 0.0510  3.03058E-19 0.0519  2.77376E-19 0.0523  2.63951E-19 0.0531
  2.75647E-19 0.0522  2.96196E-19 0.0530  2.72119E-19 0.0523  3.05472E-19 0.0520
  2.72016E-19 0.0517  2.89437E-19 0.0533  2.84565E-19 0.0509  2.84213E-19 0.0510
  2.77431E-19 0.0538  2.77338E-19 0.0527  2.98973E-19 0.0521  2.92792E-19 0.0532
  2.98075E-19 0.0532  2.61211E-19 0.0544  2.85468E-19 0.0524  2.68764E-19 0.0525
  2.76120E-19 0.0532  2.84801E-19 0.0539  2.60689E-19 0.0553  2.60256E-19 0.0543
  2.87970E-19 0.0521  2.60684E-19 0.0534  2.64958E-19 0.0548  2.77926E-19 0.0529
  2.76913E-19 0.0536  2.74341E-19 0.0530  2.40521E-19 0.0576  2.97841E-19 0.0540
  2.54291E-19 0.0562  2.35983E-19 0.0570  2.75196E-19 0.0535  2.49877E-19 0.0547
  2.77687E-19 0.0528  2.56238E-19 0.0547  2.75524E-19 0.0538  2.97223E-19 0.0549
  2.51451E-19 0.0534  2.75218E-19 0.0554  2.98568E-19 0.0530  2.85948E-19 0.0529
  2.62129E-19 0.0547  2.76181E-19 0.0549  2.67194E-19 0.0544  2.68947E-19 0.0555
  2.52798E-19 0.0539  2.52455E-19 0.0554  2.91193E-19 0.0522  2.79912E-19 0.0546
  2.63233E-19 0.0550  2.57891E-19 0.0544  2.74025E-19 0.0549  2.90978E-19 0.0533
  2.52064E-19 0.0543  2.44528E-19 0.0557  2.52166E-19 0.0558  2.63370E-19 0.0564
  2.60745E-19 0.0568  2.62513E-19 0.0547  2.51986E-19 0.0564  2.63581E-19 0.0549
  2.78724E-19 0.0544  2.41237E-19 0.0581  2.49664E-19 0.0599  2.44754E-19 0.0583
  2.47489E-19 0.0527  2.29215E-19 0.0554  2.74077E-19 0.0546  2.46303E-19 0.0561
  2.54790E-19 0.0550  2.37247E-19 0.0589  2.72185E-19 0.0551  2.33474E-19 0.0554
  2.55307E-19 0.0562  2.26835E-19 0.0567  2.42741E-19 0.0559  2.64003E-19 0.0542
  2.21131E-19 0.0582  2.36696E-19 0.0578  2.28104E-19 0.0576  2.39095E-19 0.0566
  2.64587E-19 0.0538  2.27845E-19 0.0586  2.18443E-19 0.0579  2.33141E-19 0.0595
  2.39130E-19 0.0562  2.21185E-19 0.0582  2.49445E-19 0.0580  2.50983E-19 0.0552
  2.54217E-19 0.0544  2.57557E-19 0.0571  2.23368E-19 0.0586  2.42179E-19 0.0559
  2.50640E-19 0.0572  2.35130E-19 0.0582  2.31050E-19 0.0573  2.26109E-19 0.0562
  2.51505E-19 0.0581  2.32261E-19 0.0600  2.36613E-19 0.0588  2.39036E-19 0.0548
  2.24365E-19 0.0598  2.36156E-19 0.0571  2.38703E-19 0.0593  2.39942E-19 0.0579
  2.38978E-19 0.0586  2.40660E-19 0.0562  2.44939E-19 0.0561  2.09273E-19 0.0612
  2.30824E-19 0.0589  2.40883E-19 0.0587  2.34078E-19 0.0577  2.33100E-19 0.0609
  2.29342E-19 0.0576  2.37314E-19 0.0580  2.20685E-19 0.0600  2.25578E-19 0.0616
  2.20835E-19 0.0585  2.34619E-19 0.0569  2.22218E-19 0.0582  2.34135E-19 0.0585
  2.34913E-19 0.0594  2.38297E-19 0.0582  2.14520E-19 0.0567  2.17300E-19 0.0627
  2.08993E-19 0.0599  2.25013E-19 0.0590  2.46040E-19 0.0596  2.10185E-19 0.0626
  2.41371E-19 0.0577  2.30501E-19 0.0565  2.35465E-19 0.0585  2.24495E-19 0.0606
  2.31386E-19 0.0592  2.48492E-19 0.0576  2.34579E-19 0.0594  2.33039E-19 0.0605
  1.94962E-19 0.0608  2.12213E-19 0.0596  2.42084E-19 0.0597  2.25965E-19 0.0575
  2.20722E-19 0.0618  2.10185E-19 0.0593  2.11947E-19 0.0615  2.41158E-19 0.0589
  2.61436E-19 0.0543  2.22604E-19 0.0589  2.04503E-19 0.0607  2.07225E-19 0.0586
  2.09643E-19 0.0614  2.24833E-19 0.0588  2.13154E-19 0.0583  2.31504E-19 0.0600
  2.22161E-19 0.0584  2.11992E-19 0.0579  2.02093E-19 0.0620  2.04130E-19 0.0588
  2.33972E-19 0.0591  2.18629E-19 0.0637  2.02288E-19 0.0594  2.36834E-19 0.0609
  2.22845E-19 0.0603  2.08775E-19 0.0612  1.97029E-19 0.0597  2.23518E-19 0.0620
  2.15998E-19 0.0594  2.29104E-19 0.0617  2.07589E-19 0.0588  2.15737E-19 0.0604
  2.14840E-19 0.0602  1.93485E-19 0.0600  2.16723E-19 0.0604  2.27720E-19 0.0583
  2.17408E-19 0.0581  2.27712E-19 0.0600  2.20478E-19 0.0567  1.97097E-19 0.0652
  2.09311E-19 0.0629  2.17323E-19 0.0610  2.07309E-19 0.0615  1.77657E-19 0.0620
  2.17839E-19 0.0606  2.12123E-19 0.0609  2.19123E-19 0.0615  2.06036E-19 0.0643
  2.29395E-19 0.0583  2.26227E-19 0.0590  2.31165E-19 0.0577  2.06091E-19 0.0607
  1.94625E-19 0.0595  2.14555E-19 0.0598  2.14053E-19 0.0569  1.96747E-19 0.0625
  1.88399E-19 0.0635  2.18230E-19 0.0635  1.87922E-19 0.0620  2.12959E-19 0.0629
  2.00236E-19 0.0628  2.07858E-19 0.0637  2.13807E-19 0.0626  2.08024E-19 0.0640
  2.00704E-19 0.0640  2.26908E-19 0.0595  2.13314E-19 0.0592  2.07920E-19 0.0618
  1.98135E-19 0.0633  2.05407E-19 0.0624  2.18269E-19 0.0613  1.86567E-19 0.0649
  2.03181E-19 0.0578  2.05664E-19 0.0615  1.97554E-19 0.0610  2.17290E-19 0.0603
  2.01316E-19 0.0613  1.98266E-19 0.0609  2.03002E-19 0.0605  2.17012E-19 0.0641
  1.97565E-19 0.0619  2.04952E-19 0.0627  1.89871E-19 0.0601  1.73061E-19 0.0660
  2.10458E-19 0.0599  2.20932E-19 0.0636  1.95204E-19 0.0627  2.08467E-19 0.0597
  2.14640E-19 0.0624  2.08338E-19 0.0595  1.86402E-19 0.0646  2.12246E-19 0.0610
  2.00338E-19 0.0645  1.92225E-19 0.0647  1.99228E-19 0.0617  1.82776E-19 0.0655
  1.89965E-19 0.0636  1.94400E-19 0.0651  1.96069E-19 0.0600  1.88975E-19 0.0656
  1.99477E-19 0.0624  1.88581E-19 0.0640  2.03117E-19 0.0614  1.92390E-19 0.0660
  1.83282E-19 0.0648  1.92686E-19 0.0636  2.03582E-19 0.0624  1.73829E-19 0.0641
  1.91336E-19 0.0613  1.93318E-19 0.0628  1.99643E-19 0.0623  2.06378E-19 0.0620
  1.92682E-19 0.0612  1.90649E-19 0.0600  1.76005E-19 0.0688  2.01488E-19 0.0633
  1.99094E-19 0.0635  1.88602E-19 0.0641  1.89236E-19 0.0640  1.81712E-19 0.0640
  1.86054E-19 0.0676  1.92045E-19 0.0622  1.87429E-19 0.0647  1.87074E-19 0.0638
  2.15037E-19 0.0644  1.87590E-19 0.0641  1.97252E-19 0.0657  1.81909E-19 0.0643
  2.01397E-19 0.0640  1.73636E-19 0.0700  2.09310E-19 0.0625  1.82973E-19 0.0629
  1.83842E-19 0.0670  1.86845E-19 0.0657  1.77277E-19 0.0642  1.96671E-19 0.0635
  1.96484E-19 0.0637  1.85973E-19 0.0664  1.84541E-19 0.0663  1.93164E-19 0.0653
  1.83715E-19 0.0670  1.83426E-19 0.0638  1.85950E-19 0.0630  1.79099E-19 0.0675
  2.06762E-19 0.0626  2.04369E-19 0.0635  1.76862E-19 0.0663  1.76350E-19 0.0687
  1.99229E-19 0.0635  1.97641E-19 0.0640  1.69031E-19 0.0666  1.84981E-19 0.0678
  1.76169E-19 0.0683  1.99811E-19 0.0657  1.61572E-19 0.0661  1.95277E-19 0.0619
  1.92518E-19 0.0643  1.88461E-19 0.0674  1.66552E-19 0.0680  1.75729E-19 0.0661
  1.74657E-19 0.0658  1.83814E-19 0.0650  2.08356E-19 0.0649  1.99852E-19 0.0621
  2.30821E-19 0.0646  2.05769E-19 0.0637  1.88857E-19 0.0660  1.82760E-19 0.0657
  1.77826E-19 0.0650  1.80771E-19 0.0677  1.77128E-19 0.0688  1.86485E-19 0.0649
  1.92197E-19 0.0660  1.83147E-19 0.0666  1.84325E-19 0.0650  1.69104E-19 0.0713
  1.78295E-19 0.0700  1.65861E-19 0.0678  1.91843E-19 0.0652  2.00036E-19 0.0637
  1.73204E-19 0.0697  1.76792E-19 0.0684  1.91555E-19 0.0642  1.69528E-19 0.0665
  1.75302E-19 0.0689  1.67455E-19 0.0672  1.70526E-19 0.0683  1.73996E-19 0.0691
  1.83686E-19 0.0668  2.06026E-19 0.0657  1.79786E-19 0.0664  1.78572E-19 0.0703
  1.93861E-19 0.0629  1.87995E-19 0.0703  1.79561E-19 0.0682  1.67144E-19 0.0703
  1.70835E-19 0.0681  1.74720E-19 0.0677  1.88109E-19 0.0664  1.76632E-19 0.0668
  1.82516E-19 0.0659  1.76141E-19 0.0680  1.82026E-19 0.0692  1.72534E-19 0.0688
  1.73930E-19 0.0706  1.90445E-19 0.0661  1.59342E-19 0.0706  2.07999E-19 0.0633
  1.84347E-19 0.0633  1.82390E-19 0.0662  1.81073E-19 0.0631  1.62527E-19 0.0657
  1.96288E-19 0.0664  1.98608E-19 0.0655  1.71847E-19 0.0669  1.83787E-19 0.0686
  1.77868E-19 0.0663  1.84401E-19 0.0668  1.83878E-19 0.0656  1.78490E-19 0.0657
  1.76922E-19 0.0660  1.96589E-19 0.0655  1.88672E-19 0.0711  1.76733E-19 0.0669
  1.77416E-19 0.0718  1.61679E-19 0.0640  1.83849E-19 0.0700  1.72007E-19 0.0694
  1.59950E-19 0.0692  1.88709E-19 0.0676  1.81117E-19 0.0708  1.88260E-19 0.0676
  1.94054E-19 0.0656  1.72186E-19 0.0683  1.70668E-19 0.0698  2.08058E-19 0.0629
  1.73596E-19 0.0710  1.77113E-19 0.0695  1.71978E-19 0.0681  1.76797E-19 0.0725
  1.75406E-19 0.0704  1.93485E-19 0.0680  1.76728E-19 0.0709  1.64008E-19 0.0710
  1.64152E-19 0.0736  1.73882E-19 0.0726  1.90737E-19 0.0709  1.67032E-19 0.0681
  1.65075E-19 0.0693  1.92951E-19 0.0660  1.65029E-19 0.0695  1.79163E-19 0.0713
  2.10022E-19 0.0644  1.67644E-19 0.0670  2.06799E-19 0.0709  1.79135E-19 0.0678
  1.69053E-19 0.0702  1.84449E-19 0.0678  1.82311E-19 0.0680  1.62618E-19 0.0695
  1.83512E-19 0.0636  1.75232E-19 0.0693  1.65566E-19 0.0698  1.88260E-19 0.0652
  2.15035E-19 0.0671  1.67870E-19 0.0675  1.69508E-19 0.0748  1.58616E-19 0.0705
  2.00637E-19 0.0658  1.97566E-19 0.0662  1.78478E-19 0.0646  1.75576E-19 0.0694
  1.72200E-19 0.0676  1.87105E-19 0.0685  1.61617E-19 0.0662  1.79314E-19 0.0693
  1.68714E-19 0.0703  1.63074E-19 0.0726  1.75512E-19 0.0669  1.81559E-19 0.0688
  1.66726E-19 0.0674  1.78688E-19 0.0645  1.81332E-19 0.0665  1.66607E-19 0.0690
  1.89402E-19 0.0658  2.01742E-19 0.0664  1.74912E-19 0.0685  1.87815E-19 0.0660
  1.77794E-19 0.0665  1.76374E-19 0.0705  1.64962E-19 0.0716  1.75149E-19 0.0673
  1.77031E-19 0.0709  1.64180E-19 0.0677  1.74718E-19 0.0687  1.65434E-19 0.0710
  1.71188E-19 0.0646  1.78777E-19 0.0655  1.50457E-19 0.0707  1.58656E-19 0.0679
  1.66777E-19 0.0685  1.74302E-19 0.0719  1.86773E-19 0.0688  1.82418E-19 0.0681
  1.56055E-19 0.0682  2.02553E-19 0.0679  1.75740E-19 0.0688  1.82019E-19 0.0673
  1.76466E-19 0.0699  1.90892E-19 0.0689  1.50790E-19 0.0714  1.74581E-19 0.0691
  1.75179E-19 0.0691  1.82555E-19 0.0695  1.81280E-19 0.0662  1.55375E-19 0.0746
  1.53866E-19 0.0721  1.74739E-19 0.0675  1.59774E-19 0.0700  1.81028E-19 0.0653
  3.89755E-17 0.0044  1.05653E-14 0.0012
tfc   16       1       1       1       1       1       1    1002       1
      64000  1.05767E-14  4.85966E-03  4.14794E+05
     128000  1.05964E-14  3.43420E-03  4.14774E+05
     192000  1.05998E-14  2.80436E-03  4.14495E+05
     256000  1.05667E-14  2.43308E-03  4.14482E+05
     320000  1.05566E-14  2.17667E-03  4.14571E+05
     384000  1.05657E-14  1.98609E-03  4.14430E+05
     448000  1.05723E-14  1.83828E-03  4.14120E+05
     512000  1.05642E-14  1.72031E-03  4.14016E+05
     576000  1.05659E-14  1.62237E-03  4.13760E+05
     640000  1.05680E-14  1.53894E-03  4.13833E+05
     704000  1.05577E-14  1.46823E-03  4.13876E+05
     768000  1.05663E-14  1.40509E-03  4.13920E+05
     832000  1.05652E-14  1.34965E-03  4.14410E+05
     896000  1.05643E-14  1.30061E-03  4.14317E+05
     960000  1.05662E-14  1.25638E-03  4.14358E+05
    1000000  1.05653E-14  1.23097E-03  4.14416E+05
