mcnp       6     07/16/19 10:16:42     2        10000000      7042296122
 MCNP(X) Input File                                                             
ntal     1
   12
tally   12                   -1    0    0
 1 0 0 0 0 0 0 0 0 0 0 0 0 0 0 0 0 0 0 0 0 0 0 0 0 0 0 0 0 0 0 0 0 0 0 0 0
f        2
   20.3   20.4                                                                  
d        1
u        0
s        0
m        0
c        0
et     102
  0.00000E+00  1.00000E-01  2.00000E-01  3.00000E-01  4.00000E-01  5.00000E-01
  6.00000E-01  7.00000E-01  8.00000E-01  9.00000E-01  1.00000E+00  1.10000E+00
  1.20000E+00  1.30000E+00  1.40000E+00  1.50000E+00  1.60000E+00  1.70000E+00
  1.80000E+00  1.90000E+00  2.00000E+00  2.10000E+00  2.20000E+00  2.30000E+00
  2.40000E+00  2.50000E+00  2.60000E+00  2.70000E+00  2.80000E+00  2.90000E+00
  3.00000E+00  3.10000E+00  3.20000E+00  3.30000E+00  3.40000E+00  3.50000E+00
  3.60000E+00  3.70000E+00  3.80000E+00  3.90000E+00  4.00000E+00  4.10000E+00
  4.20000E+00  4.30000E+00  4.40000E+00  4.50000E+00  4.60000E+00  4.70000E+00
  4.80000E+00  4.90000E+00  5.00000E+00  5.10000E+00  5.20000E+00  5.30000E+00
  5.40000E+00  5.50000E+00  5.60000E+00  5.70000E+00  5.80000E+00  5.90000E+00
  6.00000E+00  6.10000E+00  6.20000E+00  6.30000E+00  6.40000E+00  6.50000E+00
  6.60000E+00  6.70000E+00  6.80000E+00  6.90000E+00  7.00000E+00  7.10000E+00
  7.20000E+00  7.30000E+00  7.40000E+00  7.50000E+00  7.60000E+00  7.70000E+00
  7.80000E+00  7.90000E+00  8.00000E+00  8.10000E+00  8.20000E+00  8.30000E+00
  8.40000E+00  8.50000E+00  8.60000E+00  8.70000E+00  8.80000E+00  8.90000E+00
  9.00000E+00  9.10000E+00  9.20000E+00  9.30000E+00  9.40000E+00  9.50000E+00
  9.60000E+00  9.70000E+00  9.80000E+00  9.90000E+00  1.00000E+01
t        0
vals
  0.00000E+00 0.0000  3.74211E-04 0.0008  1.53780E-05 0.0047  1.17939E-05 0.0052
  9.56324E-06 0.0057  8.15567E-06 0.0062  7.83392E-06 0.0059  7.09695E-06 0.0061
  6.27131E-06 0.0066  5.65531E-06 0.0069  5.01181E-06 0.0072  5.21284E-06 0.0069
  5.38015E-06 0.0066  4.70812E-06 0.0070  3.84698E-06 0.0080  3.94422E-06 0.0079
  3.81852E-06 0.0079  3.28547E-06 0.0082  3.20543E-06 0.0083  3.05115E-06 0.0085
  2.92719E-06 0.0083  2.47661E-06 0.0094  1.89329E-06 0.0109  1.95396E-06 0.0110
  2.46761E-06 0.0096  2.69376E-06 0.0083  2.51630E-06 0.0085  2.40696E-06 0.0089
  1.34872E-06 0.0129  1.23823E-06 0.0129  1.17775E-06 0.0136  1.39037E-06 0.0130
  1.29576E-06 0.0127  1.20857E-06 0.0137  1.15230E-06 0.0138  1.09039E-06 0.0135
  1.07101E-06 0.0140  1.09011E-06 0.0148  1.09740E-06 0.0145  1.15165E-06 0.0140
  1.18864E-06 0.0127  1.27433E-06 0.0130  1.27489E-06 0.0127  1.24350E-06 0.0128
  1.22042E-06 0.0123  1.64377E-06 0.0105  1.68632E-06 0.0102  1.67763E-06 0.0101
  1.75539E-06 0.0100  1.60253E-06 0.0103  1.55703E-06 0.0099  1.54634E-06 0.0097
  1.47051E-06 0.0098  1.51680E-06 0.0099  1.41954E-06 0.0100  1.46122E-06 0.0095
  1.39951E-06 0.0100  1.10105E-06 0.0112  4.32617E-07 0.0190  4.25276E-07 0.0195
  4.18489E-07 0.0199  4.05544E-07 0.0196  4.21190E-07 0.0187  3.59806E-07 0.0203
  3.66491E-07 0.0199  3.86543E-07 0.0185  4.10644E-07 0.0181  4.01443E-07 0.0187
  3.96739E-07 0.0182  3.66554E-07 0.0189  1.27028E-07 0.0338  1.15002E-07 0.0350
  1.21626E-07 0.0337  1.22664E-07 0.0330  1.05791E-07 0.0365  1.02395E-07 0.0410
  1.02050E-07 0.0362  9.92844E-08 0.0364  9.54511E-08 0.0376  1.05823E-07 0.0354
  1.04093E-07 0.0353  1.03771E-07 0.0351  1.02310E-07 0.0355  1.10347E-07 0.0341
  1.08408E-07 0.0342  1.08962E-07 0.0342  1.09590E-07 0.0340  3.91462E-08 0.0573
  1.97274E-08 0.0808  1.92182E-08 0.0806  2.27802E-08 0.0757  1.97755E-08 0.0797
  1.78917E-08 0.0829  1.84604E-08 0.0824  1.84882E-08 0.0818  1.80646E-08 0.0831
  3.37999E-09 0.1928  0.00000E+00 0.0000  0.00000E+00 0.0000  0.00000E+00 0.0000
  0.00000E+00 0.0000  5.53944E-04 0.0006  0.00000E+00 0.0000  7.54978E-04 0.0006
  6.69167E-05 0.0025  3.65540E-04 0.0006  1.52327E-04 0.0011  1.18212E-04 0.0012
  1.01635E-04 0.0013  7.55794E-05 0.0015  5.33767E-05 0.0018  3.74942E-05 0.0023
  2.81620E-05 0.0028  4.09839E-05 0.0020  4.89199E-05 0.0018  3.98652E-05 0.0020
  2.36604E-05 0.0027  2.34674E-05 0.0027  2.31609E-05 0.0027  1.76650E-05 0.0031
  1.59882E-05 0.0032  1.59891E-05 0.0031  1.60496E-05 0.0031  1.26632E-05 0.0036
  5.22150E-06 0.0063  4.97099E-06 0.0066  8.76016E-06 0.0043  1.25191E-05 0.0034
  1.24573E-05 0.0034  1.24504E-05 0.0034  3.88857E-06 0.0069  3.70478E-06 0.0068
  3.65964E-06 0.0068  3.68238E-06 0.0071  3.55222E-06 0.0069  3.55567E-06 0.0072
  3.51089E-06 0.0071  3.46913E-06 0.0070  3.45990E-06 0.0074  3.36772E-06 0.0074
  3.35954E-06 0.0075  3.36495E-06 0.0075  3.38437E-06 0.0077  3.39521E-06 0.0073
  3.38879E-06 0.0074  3.36030E-06 0.0076  3.34913E-06 0.0075  5.51667E-06 0.0053
  5.46394E-06 0.0053  5.45773E-06 0.0053  5.39942E-06 0.0053  5.16197E-06 0.0054
  4.89076E-06 0.0054  4.88327E-06 0.0054  4.84018E-06 0.0053  4.83461E-06 0.0053
  4.80559E-06 0.0052  4.82038E-06 0.0053  4.79913E-06 0.0052  3.94154E-06 0.0058
  1.18494E-06 0.0110  1.16429E-06 0.0109  1.15737E-06 0.0109  1.15354E-06 0.0112
  1.16154E-06 0.0108  1.14095E-06 0.0110  1.14481E-06 0.0108  1.11006E-06 0.0108
  1.11574E-06 0.0107  1.12824E-06 0.0107  1.12757E-06 0.0109  1.09928E-06 0.0110
  2.71302E-07 0.0220  2.75333E-07 0.0221  2.81512E-07 0.0233  2.85387E-07 0.0226
  2.74616E-07 0.0216  2.71276E-07 0.0217  2.79290E-07 0.0216  2.68146E-07 0.0218
  2.67252E-07 0.0220  3.13203E-07 0.0202  2.96861E-07 0.0207  3.01047E-07 0.0206
  3.06700E-07 0.0204  2.97688E-07 0.0207  3.03750E-07 0.0205  3.05576E-07 0.0204
  3.10895E-07 0.0203  1.02911E-07 0.0353  5.00728E-08 0.0503  5.10849E-08 0.0497
  5.07572E-08 0.0500  5.15354E-08 0.0497  5.00926E-08 0.0502  4.80695E-08 0.0515
  4.98612E-08 0.0503  4.77865E-08 0.0516  1.41894E-08 0.0952  0.00000E+00 0.0000
  0.00000E+00 0.0000  0.00000E+00 0.0000  1.21435E-10 1.0000  2.23240E-03 0.0002
tfc   20       1       1       1       1       1       1     102       1
     512000  5.54792E-04  2.80432E-03  2.86051E+05
    1024000  5.54361E-04  1.99974E-03  2.78171E+05
    1536000  5.54198E-04  1.63316E-03  2.76283E+05
    2048000  5.54697E-04  1.41503E-03  2.76059E+05
    2560000  5.54527E-04  1.26654E-03  2.75883E+05
    3072000  5.54754E-04  1.15642E-03  2.75622E+05
    3584000  5.54339E-04  1.07039E-03  2.75828E+05
    4096000  5.54369E-04  1.00160E-03  2.75614E+05
    4608000  5.54215E-04  9.44268E-04  2.75803E+05
    5120000  5.54076E-04  8.95777E-04  2.75760E+05
    5632000  5.54077E-04  8.53996E-04  2.76015E+05
    6144000  5.54215E-04  8.17503E-04  2.76003E+05
    6656000  5.54410E-04  7.86155E-04  2.74896E+05
    7168000  5.54285E-04  7.57588E-04  2.74892E+05
    7680000  5.54180E-04  7.31572E-04  2.75249E+05
    8192000  5.54031E-04  7.08331E-04  2.75354E+05
    8704000  5.53900E-04  6.86844E-04  2.75702E+05
    9216000  5.53822E-04  6.67481E-04  2.75480E+05
    9728000  5.53860E-04  6.49480E-04  2.75741E+05
   10000000  5.53944E-04  6.40542E-04  2.75764E+05
