mcnp       6     07/16/19 10:08:16     2        10000000       874412362
 MCNP(X) Input File                                                             
ntal     1
   12
tally   12                   -1    0    0
 1 0 0 0 0 0 0 0 0 0 0 0 0 0 0 0 0 0 0 0 0 0 0 0 0 0 0 0 0 0 0 0 0 0 0 0 0
f        2
   20.3   20.4                                                                  
d        1
u        0
s        0
m        0
c        0
et     102
  0.00000E+00  1.00000E-01  2.00000E-01  3.00000E-01  4.00000E-01  5.00000E-01
  6.00000E-01  7.00000E-01  8.00000E-01  9.00000E-01  1.00000E+00  1.10000E+00
  1.20000E+00  1.30000E+00  1.40000E+00  1.50000E+00  1.60000E+00  1.70000E+00
  1.80000E+00  1.90000E+00  2.00000E+00  2.10000E+00  2.20000E+00  2.30000E+00
  2.40000E+00  2.50000E+00  2.60000E+00  2.70000E+00  2.80000E+00  2.90000E+00
  3.00000E+00  3.10000E+00  3.20000E+00  3.30000E+00  3.40000E+00  3.50000E+00
  3.60000E+00  3.70000E+00  3.80000E+00  3.90000E+00  4.00000E+00  4.10000E+00
  4.20000E+00  4.30000E+00  4.40000E+00  4.50000E+00  4.60000E+00  4.70000E+00
  4.80000E+00  4.90000E+00  5.00000E+00  5.10000E+00  5.20000E+00  5.30000E+00
  5.40000E+00  5.50000E+00  5.60000E+00  5.70000E+00  5.80000E+00  5.90000E+00
  6.00000E+00  6.10000E+00  6.20000E+00  6.30000E+00  6.40000E+00  6.50000E+00
  6.60000E+00  6.70000E+00  6.80000E+00  6.90000E+00  7.00000E+00  7.10000E+00
  7.20000E+00  7.30000E+00  7.40000E+00  7.50000E+00  7.60000E+00  7.70000E+00
  7.80000E+00  7.90000E+00  8.00000E+00  8.10000E+00  8.20000E+00  8.30000E+00
  8.40000E+00  8.50000E+00  8.60000E+00  8.70000E+00  8.80000E+00  8.90000E+00
  9.00000E+00  9.10000E+00  9.20000E+00  9.30000E+00  9.40000E+00  9.50000E+00
  9.60000E+00  9.70000E+00  9.80000E+00  9.90000E+00  1.00000E+01
t        0
vals
  0.00000E+00 0.0000  4.90727E-04 0.0008  9.68543E-05 0.0018  9.88282E-05 0.0016
  5.72899E-05 0.0021  4.60930E-05 0.0024  4.17407E-05 0.0024  3.34207E-05 0.0026
  2.61957E-05 0.0030  2.05199E-05 0.0035  1.72976E-05 0.0039  2.14232E-05 0.0032
  2.33355E-05 0.0029  1.89893E-05 0.0032  1.31180E-05 0.0041  1.29905E-05 0.0040
  1.24815E-05 0.0040  1.02861E-05 0.0045  9.44830E-06 0.0046  9.06722E-06 0.0045
  8.86837E-06 0.0045  7.15412E-06 0.0052  4.02699E-06 0.0078  4.00232E-06 0.0078
  5.88389E-06 0.0056  7.47301E-06 0.0049  7.16628E-06 0.0048  6.98136E-06 0.0048
  2.72734E-06 0.0090  2.59149E-06 0.0088  2.46982E-06 0.0091  2.69557E-06 0.0083
  2.62933E-06 0.0088  2.55946E-06 0.0089  2.46979E-06 0.0090  2.40653E-06 0.0092
  2.35507E-06 0.0093  2.32049E-06 0.0094  2.30457E-06 0.0094  2.35673E-06 0.0094
  2.41071E-06 0.0093  2.48608E-06 0.0094  2.53339E-06 0.0091  2.47659E-06 0.0087
  2.49693E-06 0.0087  3.71793E-06 0.0067  3.77016E-06 0.0066  3.74988E-06 0.0066
  3.78165E-06 0.0065  3.53459E-06 0.0068  3.41275E-06 0.0068  3.39214E-06 0.0067
  3.33040E-06 0.0067  3.33384E-06 0.0066  3.22544E-06 0.0065  3.25972E-06 0.0064
  3.17716E-06 0.0066  2.55364E-06 0.0074  8.41077E-07 0.0133  8.38616E-07 0.0136
  8.12643E-07 0.0143  8.19260E-07 0.0128  8.36003E-07 0.0129  7.83158E-07 0.0134
  7.90969E-07 0.0131  7.91745E-07 0.0133  7.97679E-07 0.0130  8.02862E-07 0.0130
  8.08624E-07 0.0128  7.64089E-07 0.0134  2.11239E-07 0.0273  2.10483E-07 0.0272
  2.16418E-07 0.0249  2.10547E-07 0.0251  2.09621E-07 0.0273  1.92901E-07 0.0265
  2.06594E-07 0.0270  2.02874E-07 0.0258  1.91693E-07 0.0267  2.19389E-07 0.0242
  2.12390E-07 0.0249  2.11850E-07 0.0247  2.18279E-07 0.0244  2.21364E-07 0.0241
  2.18996E-07 0.0243  2.19423E-07 0.0242  2.20403E-07 0.0240  7.26089E-08 0.0419
  3.69704E-08 0.0585  3.67043E-08 0.0590  3.86519E-08 0.0574  3.66874E-08 0.0586
  3.50764E-08 0.0611  3.45999E-08 0.0605  3.63258E-08 0.0587  3.33765E-08 0.0615
  8.97141E-09 0.1198  0.00000E+00 0.0000  0.00000E+00 0.0000  0.00000E+00 0.0000
  1.21435E-10 1.0000  1.21184E-03 0.0004  0.00000E+00 0.0000  4.26303E-04 0.0009
  6.32358E-05 0.0026  3.63140E-04 0.0006  1.50509E-04 0.0011  1.16842E-04 0.0012
  1.00416E-04 0.0013  7.45524E-05 0.0015  5.23919E-05 0.0018  3.65741E-05 0.0023
  2.74585E-05 0.0028  4.04392E-05 0.0020  4.83927E-05 0.0018  3.94045E-05 0.0020
  2.32559E-05 0.0027  2.30560E-05 0.0027  2.28034E-05 0.0027  1.73690E-05 0.0031
  1.56772E-05 0.0032  1.56837E-05 0.0031  1.57609E-05 0.0031  1.24002E-05 0.0036
  4.97912E-06 0.0064  4.77301E-06 0.0067  8.54167E-06 0.0043  1.22940E-05 0.0035
  1.22380E-05 0.0034  1.22311E-05 0.0034  3.69665E-06 0.0071  3.54407E-06 0.0068
  3.52118E-06 0.0069  3.54547E-06 0.0072  3.43437E-06 0.0070  3.44628E-06 0.0072
  3.42311E-06 0.0072  3.37257E-06 0.0071  3.37042E-06 0.0075  3.27500E-06 0.0075
  3.26256E-06 0.0075  3.27856E-06 0.0076  3.30093E-06 0.0078  3.30939E-06 0.0074
  3.30725E-06 0.0075  3.29749E-06 0.0076  3.30100E-06 0.0076  5.47556E-06 0.0054
  5.42171E-06 0.0053  5.42357E-06 0.0053  5.36958E-06 0.0053  5.13305E-06 0.0054
  4.86977E-06 0.0054  4.86366E-06 0.0054  4.82709E-06 0.0054  4.82311E-06 0.0053
  4.79646E-06 0.0052  4.80904E-06 0.0053  4.78620E-06 0.0052  3.93025E-06 0.0058
  1.17429E-06 0.0111  1.15590E-06 0.0109  1.15056E-06 0.0110  1.14965E-06 0.0112
  1.15714E-06 0.0108  1.13815E-06 0.0110  1.14350E-06 0.0108  1.10730E-06 0.0108
  1.11350E-06 0.0107  1.12501E-06 0.0107  1.12480E-06 0.0109  1.09568E-06 0.0110
  2.70665E-07 0.0220  2.74101E-07 0.0221  2.79619E-07 0.0233  2.84256E-07 0.0227
  2.74291E-07 0.0217  2.70549E-07 0.0217  2.78931E-07 0.0216  2.68146E-07 0.0218
  2.66938E-07 0.0220  3.13203E-07 0.0202  2.96861E-07 0.0207  3.00884E-07 0.0206
  3.06558E-07 0.0204  2.97688E-07 0.0207  3.03647E-07 0.0205  3.05576E-07 0.0204
  3.10895E-07 0.0203  1.02911E-07 0.0353  5.00728E-08 0.0503  5.10849E-08 0.0497
  5.07572E-08 0.0500  5.15354E-08 0.0497  5.00926E-08 0.0502  4.80695E-08 0.0515
  4.98612E-08 0.0503  4.77865E-08 0.0516  1.41894E-08 0.0952  0.00000E+00 0.0000
  0.00000E+00 0.0000  0.00000E+00 0.0000  1.21435E-10 1.0000  1.88199E-03 0.0003
tfc   20       1       1       1       1       1       1     102       1
     512000  1.21152E-03  1.68738E-03  3.96666E+06
    1024000  1.21106E-03  1.19144E-03  3.97228E+06
    1536000  1.21201E-03  9.73064E-04  3.95662E+06
    2048000  1.21118E-03  8.40367E-04  3.98054E+06
    2560000  1.21161E-03  7.52494E-04  3.97275E+06
    3072000  1.21175E-03  6.87124E-04  3.96741E+06
    3584000  1.21123E-03  6.35448E-04  3.97401E+06
    4096000  1.21140E-03  5.94073E-04  3.96378E+06
    4608000  1.21133E-03  5.60400E-04  3.95965E+06
    5120000  1.21140E-03  5.31706E-04  3.95078E+06
    5632000  1.21143E-03  5.07055E-04  3.89555E+06
    6144000  1.21175E-03  4.85789E-04  3.87979E+06
    6656000  1.21181E-03  4.66863E-04  3.86950E+06
    7168000  1.21175E-03  4.50178E-04  3.86615E+06
    7680000  1.21162E-03  4.34955E-04  3.85884E+06
    8192000  1.21161E-03  4.21372E-04  3.85442E+06
    8704000  1.21166E-03  4.08876E-04  3.85391E+06
    9216000  1.21173E-03  3.97584E-04  3.84924E+06
    9728000  1.21181E-03  3.87156E-04  3.84725E+06
   10000000  1.21184E-03  3.81904E-04  3.84635E+06
