mcnp       6     07/16/19 12:48:27     2        10000000     12734687020
 MCNP(X) Input File                                                             
ntal     1
   12
tally   12                   -1    0    0
 1 0 0 0 0 0 0 0 0 0 0 0 0 0 0 0 0 0 0 0 0 0 0 0 0 0 0 0 0 0 0 0 0 0 0 0 0
f        2
   20.3   20.4                                                                  
d        1
u        0
s        0
m        0
c        0
et     102
  0.00000E+00  1.00000E-01  2.00000E-01  3.00000E-01  4.00000E-01  5.00000E-01
  6.00000E-01  7.00000E-01  8.00000E-01  9.00000E-01  1.00000E+00  1.10000E+00
  1.20000E+00  1.30000E+00  1.40000E+00  1.50000E+00  1.60000E+00  1.70000E+00
  1.80000E+00  1.90000E+00  2.00000E+00  2.10000E+00  2.20000E+00  2.30000E+00
  2.40000E+00  2.50000E+00  2.60000E+00  2.70000E+00  2.80000E+00  2.90000E+00
  3.00000E+00  3.10000E+00  3.20000E+00  3.30000E+00  3.40000E+00  3.50000E+00
  3.60000E+00  3.70000E+00  3.80000E+00  3.90000E+00  4.00000E+00  4.10000E+00
  4.20000E+00  4.30000E+00  4.40000E+00  4.50000E+00  4.60000E+00  4.70000E+00
  4.80000E+00  4.90000E+00  5.00000E+00  5.10000E+00  5.20000E+00  5.30000E+00
  5.40000E+00  5.50000E+00  5.60000E+00  5.70000E+00  5.80000E+00  5.90000E+00
  6.00000E+00  6.10000E+00  6.20000E+00  6.30000E+00  6.40000E+00  6.50000E+00
  6.60000E+00  6.70000E+00  6.80000E+00  6.90000E+00  7.00000E+00  7.10000E+00
  7.20000E+00  7.30000E+00  7.40000E+00  7.50000E+00  7.60000E+00  7.70000E+00
  7.80000E+00  7.90000E+00  8.00000E+00  8.10000E+00  8.20000E+00  8.30000E+00
  8.40000E+00  8.50000E+00  8.60000E+00  8.70000E+00  8.80000E+00  8.90000E+00
  9.00000E+00  9.10000E+00  9.20000E+00  9.30000E+00  9.40000E+00  9.50000E+00
  9.60000E+00  9.70000E+00  9.80000E+00  9.90000E+00  1.00000E+01
t        0
vals
  0.00000E+00 0.0000  1.30426E-04 0.0013  3.23187E-06 0.0104  2.53168E-06 0.0116
  2.20204E-06 0.0123  1.90514E-06 0.0129  1.87173E-06 0.0126  1.76932E-06 0.0131
  1.63958E-06 0.0131  1.50254E-06 0.0140  1.39982E-06 0.0141  1.36677E-06 0.0141
  1.36870E-06 0.0135  1.27064E-06 0.0142  1.12077E-06 0.0147  1.13786E-06 0.0143
  1.13061E-06 0.0151  1.03210E-06 0.0152  1.00309E-06 0.0144  9.76239E-07 0.0145
  9.19344E-07 0.0159  8.22620E-07 0.0159  7.48129E-07 0.0173  7.34267E-07 0.0171
  8.45762E-07 0.0157  8.69070E-07 0.0147  8.11782E-07 0.0154  7.68010E-07 0.0156
  5.36625E-07 0.0212  4.94982E-07 0.0210  4.54215E-07 0.0214  5.48003E-07 0.0196
  5.11940E-07 0.0196  4.76991E-07 0.0203  4.32177E-07 0.0204  4.06269E-07 0.0217
  4.19013E-07 0.0225  4.06327E-07 0.0247  4.11865E-07 0.0228  4.53732E-07 0.0205
  4.87311E-07 0.0198  5.26595E-07 0.0199  5.24483E-07 0.0206  4.96467E-07 0.0195
  4.85733E-07 0.0198  6.25018E-07 0.0157  6.54157E-07 0.0163  6.44936E-07 0.0159
  6.84556E-07 0.0154  6.03144E-07 0.0162  5.98545E-07 0.0157  5.89530E-07 0.0154
  5.65078E-07 0.0163  6.01587E-07 0.0155  5.22765E-07 0.0166  5.52281E-07 0.0154
  5.28331E-07 0.0162  3.97461E-07 0.0182  1.78698E-07 0.0277  1.72317E-07 0.0280
  1.65448E-07 0.0286  1.73466E-07 0.0283  1.75357E-07 0.0275  1.44011E-07 0.0303
  1.46794E-07 0.0305  1.57146E-07 0.0286  1.75878E-07 0.0296  1.64430E-07 0.0280
  1.67116E-07 0.0278  1.52086E-07 0.0291  6.11536E-08 0.0587  6.00543E-08 0.0579
  5.31507E-08 0.0505  5.36369E-08 0.0496  4.22993E-08 0.0560  4.52196E-08 0.0535
  4.37498E-08 0.0541  4.17680E-08 0.0584  3.45734E-08 0.0617  4.57305E-08 0.0526
  4.15254E-08 0.0549  4.39947E-08 0.0533  4.02111E-08 0.0554  4.75458E-08 0.0510
  4.44353E-08 0.0530  5.24515E-08 0.0484  4.73469E-08 0.0508  1.70115E-08 0.0852
  9.77304E-09 0.1115  9.62081E-09 0.1129  1.13340E-08 0.1043  8.10300E-09 0.1219
  6.77722E-09 0.1322  8.35619E-09 0.1201  9.06605E-09 0.1154  8.29611E-09 0.1208
  1.25550E-09 0.3164  0.00000E+00 0.0000  0.00000E+00 0.0000  0.00000E+00 0.0000
  0.00000E+00 0.0000  1.83907E-04 0.0011  0.00000E+00 0.0000  7.84533E-04 0.0006
  6.70190E-05 0.0025  3.65617E-04 0.0006  1.52395E-04 0.0011  1.18272E-04 0.0012
  1.01687E-04 0.0013  7.56288E-05 0.0015  5.34246E-05 0.0018  3.75362E-05 0.0023
  2.82022E-05 0.0028  4.10214E-05 0.0020  4.89531E-05 0.0018  3.98970E-05 0.0020
  2.36861E-05 0.0027  2.34913E-05 0.0027  2.31908E-05 0.0027  1.76945E-05 0.0031
  1.60124E-05 0.0032  1.60149E-05 0.0031  1.60745E-05 0.0031  1.26845E-05 0.0036
  5.24161E-06 0.0063  4.98779E-06 0.0065  8.78150E-06 0.0043  1.25404E-05 0.0034
  1.24778E-05 0.0034  1.24728E-05 0.0034  3.90946E-06 0.0069  3.71689E-06 0.0068
  3.67283E-06 0.0068  3.69504E-06 0.0071  3.56295E-06 0.0069  3.56295E-06 0.0072
  3.52070E-06 0.0071  3.47660E-06 0.0070  3.46716E-06 0.0074  3.37284E-06 0.0074
  3.36623E-06 0.0074  3.37085E-06 0.0075  3.39167E-06 0.0077  3.40154E-06 0.0073
  3.39356E-06 0.0074  3.36360E-06 0.0076  3.35284E-06 0.0075  5.51948E-06 0.0053
  5.46646E-06 0.0053  5.46057E-06 0.0053  5.40152E-06 0.0053  5.16269E-06 0.0054
  4.89206E-06 0.0054  4.88443E-06 0.0054  4.84190E-06 0.0053  4.83577E-06 0.0053
  4.80664E-06 0.0052  4.82246E-06 0.0053  4.80096E-06 0.0052  3.94254E-06 0.0058
  1.18562E-06 0.0110  1.16499E-06 0.0109  1.15804E-06 0.0109  1.15380E-06 0.0112
  1.16206E-06 0.0108  1.14119E-06 0.0110  1.14502E-06 0.0108  1.11020E-06 0.0108
  1.11624E-06 0.0107  1.12851E-06 0.0107  1.12773E-06 0.0109  1.09938E-06 0.0110
  2.71425E-07 0.0220  2.75432E-07 0.0221  2.81512E-07 0.0233  2.85286E-07 0.0226
  2.74616E-07 0.0216  2.71276E-07 0.0217  2.79290E-07 0.0216  2.68146E-07 0.0218
  2.67252E-07 0.0220  3.13203E-07 0.0202  2.96861E-07 0.0207  3.01047E-07 0.0206
  3.06700E-07 0.0204  2.97688E-07 0.0207  3.03750E-07 0.0205  3.05576E-07 0.0204
  3.10895E-07 0.0203  1.02911E-07 0.0353  5.00728E-08 0.0503  5.10849E-08 0.0497
  5.07572E-08 0.0500  5.15354E-08 0.0497  5.00926E-08 0.0502  4.80695E-08 0.0515
  4.98612E-08 0.0503  4.77865E-08 0.0516  1.41894E-08 0.0952  0.00000E+00 0.0000
  0.00000E+00 0.0000  0.00000E+00 0.0000  1.21435E-10 1.0000  2.26309E-03 0.0002
tfc   20       1       1       1       1       1       1     102       1
     512000  1.84507E-04  4.89955E-03  5.37148E+04
    1024000  1.84253E-04  3.46057E-03  5.33091E+04
    1536000  1.84000E-04  2.82192E-03  5.31661E+04
    2048000  1.84185E-04  2.43852E-03  5.35734E+04
    2560000  1.84104E-04  2.19290E-03  5.31366E+04
    3072000  1.83855E-04  1.99688E-03  5.34793E+04
    3584000  1.84020E-04  1.85288E-03  5.33690E+04
    4096000  1.83888E-04  1.73351E-03  5.33590E+04
    4608000  1.83720E-04  1.63415E-03  5.34282E+04
    5120000  1.83802E-04  1.55403E-03  5.32221E+04
    5632000  1.83906E-04  1.48189E-03  5.32551E+04
    6144000  1.84001E-04  1.41992E-03  5.31861E+04
    6656000  1.83969E-04  1.36511E-03  5.31701E+04
    7168000  1.83913E-04  1.31533E-03  5.32546E+04
    7680000  1.83943E-04  1.27059E-03  5.33259E+04
    8192000  1.83972E-04  1.23053E-03  5.32962E+04
    8704000  1.83921E-04  1.19451E-03  5.32008E+04
    9216000  1.83877E-04  1.16070E-03  5.31783E+04
    9728000  1.83897E-04  1.12923E-03  5.32437E+04
   10000000  1.83907E-04  1.11357E-03  5.32874E+04
