mcnp       6     07/16/19 10:10:57     2        10000000      3337078499
 MCNP(X) Input File                                                             
ntal     1
   12
tally   12                   -1    0    0
 1 0 0 0 0 0 0 0 0 0 0 0 0 0 0 0 0 0 0 0 0 0 0 0 0 0 0 0 0 0 0 0 0 0 0 0 0
f        2
   20.3   20.4                                                                  
d        1
u        0
s        0
m        0
c        0
et     102
  0.00000E+00  1.00000E-01  2.00000E-01  3.00000E-01  4.00000E-01  5.00000E-01
  6.00000E-01  7.00000E-01  8.00000E-01  9.00000E-01  1.00000E+00  1.10000E+00
  1.20000E+00  1.30000E+00  1.40000E+00  1.50000E+00  1.60000E+00  1.70000E+00
  1.80000E+00  1.90000E+00  2.00000E+00  2.10000E+00  2.20000E+00  2.30000E+00
  2.40000E+00  2.50000E+00  2.60000E+00  2.70000E+00  2.80000E+00  2.90000E+00
  3.00000E+00  3.10000E+00  3.20000E+00  3.30000E+00  3.40000E+00  3.50000E+00
  3.60000E+00  3.70000E+00  3.80000E+00  3.90000E+00  4.00000E+00  4.10000E+00
  4.20000E+00  4.30000E+00  4.40000E+00  4.50000E+00  4.60000E+00  4.70000E+00
  4.80000E+00  4.90000E+00  5.00000E+00  5.10000E+00  5.20000E+00  5.30000E+00
  5.40000E+00  5.50000E+00  5.60000E+00  5.70000E+00  5.80000E+00  5.90000E+00
  6.00000E+00  6.10000E+00  6.20000E+00  6.30000E+00  6.40000E+00  6.50000E+00
  6.60000E+00  6.70000E+00  6.80000E+00  6.90000E+00  7.00000E+00  7.10000E+00
  7.20000E+00  7.30000E+00  7.40000E+00  7.50000E+00  7.60000E+00  7.70000E+00
  7.80000E+00  7.90000E+00  8.00000E+00  8.10000E+00  8.20000E+00  8.30000E+00
  8.40000E+00  8.50000E+00  8.60000E+00  8.70000E+00  8.80000E+00  8.90000E+00
  9.00000E+00  9.10000E+00  9.20000E+00  9.30000E+00  9.40000E+00  9.50000E+00
  9.60000E+00  9.70000E+00  9.80000E+00  9.90000E+00  1.00000E+01
t        0
vals
  0.00000E+00 0.0000  5.18434E-04 0.0007  3.82655E-05 0.0029  3.07679E-05 0.0031
  2.23864E-05 0.0036  1.84323E-05 0.0039  1.75559E-05 0.0039  1.51397E-05 0.0042
  1.27795E-05 0.0045  1.08788E-05 0.0049  9.52616E-06 0.0052  1.05997E-05 0.0048
  1.11436E-05 0.0044  9.39034E-06 0.0048  7.19285E-06 0.0058  7.18930E-06 0.0056
  6.95877E-06 0.0055  5.84937E-06 0.0061  5.52278E-06 0.0061  5.26707E-06 0.0062
  5.14032E-06 0.0062  4.23544E-06 0.0069  2.89000E-06 0.0090  2.92487E-06 0.0091
  3.86135E-06 0.0072  4.53685E-06 0.0064  4.26720E-06 0.0065  4.11419E-06 0.0065
  1.99365E-06 0.0105  1.87373E-06 0.0110  1.75033E-06 0.0110  2.00494E-06 0.0103
  1.89250E-06 0.0104  1.80920E-06 0.0108  1.72993E-06 0.0109  1.67836E-06 0.0112
  1.66202E-06 0.0119  1.60211E-06 0.0116  1.62507E-06 0.0112  1.67154E-06 0.0115
  1.76671E-06 0.0114  1.83345E-06 0.0110  1.84571E-06 0.0108  1.79482E-06 0.0104
  1.80379E-06 0.0103  2.51032E-06 0.0082  2.53417E-06 0.0080  2.54437E-06 0.0081
  2.60860E-06 0.0079  2.38818E-06 0.0083  2.33095E-06 0.0082  2.30999E-06 0.0083
  2.21553E-06 0.0081  2.29298E-06 0.0082  2.17136E-06 0.0081  2.20277E-06 0.0080
  2.09516E-06 0.0080  1.68422E-06 0.0093  6.11628E-07 0.0165  6.11340E-07 0.0164
  5.77381E-07 0.0157  5.84606E-07 0.0154  5.95386E-07 0.0153  5.41249E-07 0.0167
  5.44369E-07 0.0158  5.55806E-07 0.0155  5.80011E-07 0.0156  5.67934E-07 0.0153
  5.66821E-07 0.0152  5.26932E-07 0.0158  1.72298E-07 0.0330  1.62494E-07 0.0317
  1.67551E-07 0.0304  1.58073E-07 0.0297  1.48392E-07 0.0304  1.42660E-07 0.0308
  1.49788E-07 0.0304  1.43715E-07 0.0303  1.33900E-07 0.0321  1.52995E-07 0.0296
  1.48538E-07 0.0298  1.50563E-07 0.0296  1.50768E-07 0.0294  1.58709E-07 0.0307
  1.54898E-07 0.0288  1.51894E-07 0.0290  1.56772E-07 0.0285  5.52558E-08 0.0481
  2.66333E-08 0.0689  2.57201E-08 0.0699  2.91278E-08 0.0659  2.58165E-08 0.0697
  2.60931E-08 0.0694  2.53692E-08 0.0705  2.47457E-08 0.0709  2.36640E-08 0.0728
  5.46192E-09 0.1528  0.00000E+00 0.0000  0.00000E+00 0.0000  0.00000E+00 0.0000
  1.21435E-10 1.0000  8.65212E-04 0.0005  0.00000E+00 0.0000  6.70894E-04 0.0007
  6.64653E-05 0.0025  3.65235E-04 0.0006  1.52073E-04 0.0011  1.18002E-04 0.0012
  1.01441E-04 0.0013  7.54059E-05 0.0015  5.32136E-05 0.0018  3.73499E-05 0.0023
  2.80501E-05 0.0028  4.08832E-05 0.0020  4.88257E-05 0.0018  3.97759E-05 0.0020
  2.35782E-05 0.0027  2.33825E-05 0.0027  2.30869E-05 0.0027  1.75978E-05 0.0031
  1.59205E-05 0.0032  1.59161E-05 0.0031  1.59904E-05 0.0031  1.26049E-05 0.0036
  5.16413E-06 0.0063  4.92578E-06 0.0066  8.70759E-06 0.0043  1.24669E-05 0.0034
  1.24028E-05 0.0034  1.23994E-05 0.0034  3.84378E-06 0.0070  3.66633E-06 0.0068
  3.62731E-06 0.0068  3.65024E-06 0.0071  3.52677E-06 0.0070  3.53089E-06 0.0072
  3.49155E-06 0.0071  3.44932E-06 0.0071  3.43984E-06 0.0074  3.34548E-06 0.0074
  3.34319E-06 0.0075  3.34956E-06 0.0075  3.36789E-06 0.0077  3.37300E-06 0.0074
  3.37316E-06 0.0074  3.35079E-06 0.0076  3.34001E-06 0.0075  5.50896E-06 0.0053
  5.45591E-06 0.0053  5.45041E-06 0.0053  5.39295E-06 0.0053  5.15658E-06 0.0054
  4.88551E-06 0.0054  4.87981E-06 0.0054  4.83629E-06 0.0053  4.83320E-06 0.0053
  4.80378E-06 0.0052  4.81766E-06 0.0053  4.79604E-06 0.0052  3.93959E-06 0.0058
  1.18207E-06 0.0110  1.16259E-06 0.0109  1.15599E-06 0.0110  1.15297E-06 0.0112
  1.16126E-06 0.0108  1.14013E-06 0.0110  1.14444E-06 0.0108  1.10962E-06 0.0108
  1.11474E-06 0.0107  1.12737E-06 0.0107  1.12685E-06 0.0109  1.09870E-06 0.0110
  2.71036E-07 0.0220  2.75079E-07 0.0221  2.81410E-07 0.0233  2.85079E-07 0.0227
  2.74616E-07 0.0216  2.71081E-07 0.0217  2.79049E-07 0.0216  2.68146E-07 0.0218
  2.67168E-07 0.0220  3.13203E-07 0.0202  2.96861E-07 0.0207  3.00884E-07 0.0206
  3.06700E-07 0.0204  2.97688E-07 0.0207  3.03647E-07 0.0205  3.05576E-07 0.0204
  3.10895E-07 0.0203  1.02911E-07 0.0353  5.00728E-08 0.0503  5.10849E-08 0.0497
  5.07572E-08 0.0500  5.15354E-08 0.0497  5.00926E-08 0.0502  4.80695E-08 0.0515
  4.98612E-08 0.0503  4.77865E-08 0.0516  1.41894E-08 0.0952  0.00000E+00 0.0000
  0.00000E+00 0.0000  0.00000E+00 0.0000  1.21435E-10 1.0000  2.14469E-03 0.0003
tfc   20       1       1       1       1       1       1     102       1
     512000  8.65226E-04  2.18455E-03  9.09210E+05
    1024000  8.66301E-04  1.55372E-03  8.98699E+05
    1536000  8.66140E-04  1.27149E-03  8.93945E+05
    2048000  8.66186E-04  1.09811E-03  8.99831E+05
    2560000  8.65674E-04  9.80784E-04  9.02134E+05
    3072000  8.65651E-04  8.94598E-04  9.01233E+05
    3584000  8.65625E-04  8.28329E-04  8.99199E+05
    4096000  8.65382E-04  7.74889E-04  8.98072E+05
    4608000  8.65132E-04  7.30209E-04  8.98419E+05
    5120000  8.65320E-04  6.93086E-04  8.97077E+05
    5632000  8.65175E-04  6.60118E-04  8.97838E+05
    6144000  8.65569E-04  6.32417E-04  8.95716E+05
    6656000  8.65605E-04  6.07982E-04  8.93936E+05
    7168000  8.65427E-04  5.85767E-04  8.93448E+05
    7680000  8.65417E-04  5.65835E-04  8.92917E+05
    8192000  8.65307E-04  5.47805E-04  8.93273E+05
    8704000  8.65305E-04  5.31802E-04  8.91872E+05
    9216000  8.65120E-04  5.16734E-04  8.92248E+05
    9728000  8.65095E-04  5.02873E-04  8.92448E+05
   10000000  8.65212E-04  4.96021E-04  8.92107E+05
