mcnp       6     07/16/19 10:27:27     2        10000000     10402520553
 MCNP(X) Input File                                                             
ntal     1
   12
tally   12                   -1    0    0
 1 0 0 0 0 0 0 0 0 0 0 0 0 0 0 0 0 0 0 0 0 0 0 0 0 0 0 0 0 0 0 0 0 0 0 0 0
f        2
   20.3   20.4                                                                  
d        1
u        0
s        0
m        0
c        0
et     102
  0.00000E+00  1.00000E-01  2.00000E-01  3.00000E-01  4.00000E-01  5.00000E-01
  6.00000E-01  7.00000E-01  8.00000E-01  9.00000E-01  1.00000E+00  1.10000E+00
  1.20000E+00  1.30000E+00  1.40000E+00  1.50000E+00  1.60000E+00  1.70000E+00
  1.80000E+00  1.90000E+00  2.00000E+00  2.10000E+00  2.20000E+00  2.30000E+00
  2.40000E+00  2.50000E+00  2.60000E+00  2.70000E+00  2.80000E+00  2.90000E+00
  3.00000E+00  3.10000E+00  3.20000E+00  3.30000E+00  3.40000E+00  3.50000E+00
  3.60000E+00  3.70000E+00  3.80000E+00  3.90000E+00  4.00000E+00  4.10000E+00
  4.20000E+00  4.30000E+00  4.40000E+00  4.50000E+00  4.60000E+00  4.70000E+00
  4.80000E+00  4.90000E+00  5.00000E+00  5.10000E+00  5.20000E+00  5.30000E+00
  5.40000E+00  5.50000E+00  5.60000E+00  5.70000E+00  5.80000E+00  5.90000E+00
  6.00000E+00  6.10000E+00  6.20000E+00  6.30000E+00  6.40000E+00  6.50000E+00
  6.60000E+00  6.70000E+00  6.80000E+00  6.90000E+00  7.00000E+00  7.10000E+00
  7.20000E+00  7.30000E+00  7.40000E+00  7.50000E+00  7.60000E+00  7.70000E+00
  7.80000E+00  7.90000E+00  8.00000E+00  8.10000E+00  8.20000E+00  8.30000E+00
  8.40000E+00  8.50000E+00  8.60000E+00  8.70000E+00  8.80000E+00  8.90000E+00
  9.00000E+00  9.10000E+00  9.20000E+00  9.30000E+00  9.40000E+00  9.50000E+00
  9.60000E+00  9.70000E+00  9.80000E+00  9.90000E+00  1.00000E+01
t        0
vals
  0.00000E+00 0.0000  2.28761E-04 0.0010  6.74694E-06 0.0072  5.19601E-06 0.0080
  4.40902E-06 0.0086  3.86833E-06 0.0090  3.72940E-06 0.0090  3.49024E-06 0.0093
  3.21013E-06 0.0097  2.95064E-06 0.0099  2.59599E-06 0.0105  2.61044E-06 0.0099
  2.68788E-06 0.0099  2.39260E-06 0.0101  2.04446E-06 0.0105  2.14313E-06 0.0107
  2.05309E-06 0.0103  1.82961E-06 0.0110  1.79668E-06 0.0116  1.71404E-06 0.0111
  1.65324E-06 0.0110  1.44779E-06 0.0131  1.18455E-06 0.0132  1.21658E-06 0.0132
  1.45977E-06 0.0116  1.53526E-06 0.0109  1.43430E-06 0.0112  1.35716E-06 0.0114
  8.74298E-07 0.0158  8.03348E-07 0.0160  7.36560E-07 0.0161  8.89905E-07 0.0154
  8.15449E-07 0.0158  7.68028E-07 0.0161  7.28713E-07 0.0171  6.82063E-07 0.0168
  6.75594E-07 0.0174  6.65407E-07 0.0170  6.68613E-07 0.0178  7.35991E-07 0.0167
  7.53381E-07 0.0162  8.19961E-07 0.0165  8.31361E-07 0.0156  7.98007E-07 0.0161
  7.71071E-07 0.0151  1.01884E-06 0.0129  1.05977E-06 0.0126  1.04397E-06 0.0124
  1.10977E-06 0.0117  1.00190E-06 0.0131  9.78123E-07 0.0131  9.85349E-07 0.0128
  9.32919E-07 0.0125  9.70754E-07 0.0120  8.73822E-07 0.0126  9.13222E-07 0.0122
  8.81497E-07 0.0129  6.67355E-07 0.0144  2.86293E-07 0.0233  2.67435E-07 0.0228
  2.63826E-07 0.0229  2.66973E-07 0.0244  2.70405E-07 0.0233  2.27219E-07 0.0244
  2.33537E-07 0.0253  2.59671E-07 0.0240  2.79843E-07 0.0244  2.56194E-07 0.0225
  2.66094E-07 0.0235  2.38290E-07 0.0233  9.03210E-08 0.0400  8.00948E-08 0.0414
  8.33959E-08 0.0403  8.15507E-08 0.0405  6.90255E-08 0.0446  6.85378E-08 0.0437
  6.73085E-08 0.0437  6.93979E-08 0.0511  5.82288E-08 0.0480  6.78466E-08 0.0439
  7.06048E-08 0.0422  6.69205E-08 0.0433  6.73776E-08 0.0434  7.75743E-08 0.0404
  7.26294E-08 0.0415  7.40171E-08 0.0410  7.18656E-08 0.0417  2.61250E-08 0.0695
  1.39910E-08 0.0961  1.38090E-08 0.0948  1.65368E-08 0.0865  1.33383E-08 0.0964
  1.27236E-08 0.0977  1.27807E-08 0.0982  1.37308E-08 0.0946  1.11002E-08 0.1047
  2.13061E-09 0.2428  0.00000E+00 0.0000  0.00000E+00 0.0000  0.00000E+00 0.0000
  0.00000E+00 0.0000  3.25462E-04 0.0008  0.00000E+00 0.0000  7.78554E-04 0.0006
  6.69996E-05 0.0025  3.65602E-04 0.0006  1.52383E-04 0.0011  1.18261E-04 0.0012
  1.01677E-04 0.0013  7.56194E-05 0.0015  5.34134E-05 0.0018  3.75285E-05 0.0023
  2.81931E-05 0.0028  4.10137E-05 0.0020  4.89458E-05 0.0018  3.98912E-05 0.0020
  2.36809E-05 0.0027  2.34853E-05 0.0027  2.31831E-05 0.0027  1.76881E-05 0.0031
  1.60078E-05 0.0032  1.60091E-05 0.0031  1.60713E-05 0.0031  1.26797E-05 0.0036
  5.23681E-06 0.0063  4.98401E-06 0.0066  8.77628E-06 0.0043  1.25349E-05 0.0034
  1.24723E-05 0.0034  1.24675E-05 0.0034  3.90654E-06 0.0069  3.71418E-06 0.0068
  3.67064E-06 0.0068  3.69159E-06 0.0071  3.55982E-06 0.0069  3.56189E-06 0.0072
  3.51872E-06 0.0071  3.47516E-06 0.0070  3.46599E-06 0.0074  3.37174E-06 0.0074
  3.36428E-06 0.0075  3.37033E-06 0.0075  3.39001E-06 0.0077  3.39967E-06 0.0073
  3.39245E-06 0.0074  3.36271E-06 0.0076  3.35221E-06 0.0075  5.51885E-06 0.0053
  5.46497E-06 0.0053  5.46006E-06 0.0053  5.40108E-06 0.0053  5.16236E-06 0.0054
  4.89158E-06 0.0054  4.88405E-06 0.0054  4.84141E-06 0.0053  4.83548E-06 0.0053
  4.80664E-06 0.0052  4.82189E-06 0.0053  4.80066E-06 0.0052  3.94229E-06 0.0058
  1.18540E-06 0.0110  1.16486E-06 0.0109  1.15795E-06 0.0109  1.15380E-06 0.0112
  1.16206E-06 0.0108  1.14119E-06 0.0110  1.14502E-06 0.0108  1.11020E-06 0.0108
  1.11613E-06 0.0107  1.12851E-06 0.0107  1.12773E-06 0.0109  1.09938E-06 0.0110
  2.71425E-07 0.0220  2.75432E-07 0.0221  2.81512E-07 0.0233  2.85286E-07 0.0226
  2.74616E-07 0.0216  2.71276E-07 0.0217  2.79290E-07 0.0216  2.68146E-07 0.0218
  2.67252E-07 0.0220  3.13203E-07 0.0202  2.96861E-07 0.0207  3.01047E-07 0.0206
  3.06700E-07 0.0204  2.97688E-07 0.0207  3.03750E-07 0.0205  3.05576E-07 0.0204
  3.10895E-07 0.0203  1.02911E-07 0.0353  5.00728E-08 0.0503  5.10849E-08 0.0497
  5.07572E-08 0.0500  5.15354E-08 0.0497  5.00926E-08 0.0502  4.80695E-08 0.0515
  4.98612E-08 0.0503  4.77865E-08 0.0516  1.41894E-08 0.0952  0.00000E+00 0.0000
  0.00000E+00 0.0000  0.00000E+00 0.0000  1.21435E-10 1.0000  2.25688E-03 0.0002
tfc   20       1       1       1       1       1       1     102       1
     512000  3.25605E-04  3.64867E-03  1.18995E+05
    1024000  3.25003E-04  2.58061E-03  1.18111E+05
    1536000  3.25213E-04  2.12071E-03  1.16787E+05
    2048000  3.25772E-04  1.83643E-03  1.17059E+05
    2560000  3.25839E-04  1.64813E-03  1.16228E+05
    3072000  3.25847E-04  1.50575E-03  1.15980E+05
    3584000  3.25701E-04  1.39286E-03  1.16240E+05
    4096000  3.25829E-04  1.30402E-03  1.16103E+05
    4608000  3.25737E-04  1.23120E-03  1.15842E+05
    5120000  3.25612E-04  1.16808E-03  1.15909E+05
    5632000  3.25654E-04  1.11282E-03  1.16003E+05
    6144000  3.25824E-04  1.06584E-03  1.15584E+05
    6656000  3.25710E-04  1.02364E-03  1.15510E+05
    7168000  3.25614E-04  9.87030E-04  1.15099E+05
    7680000  3.25588E-04  9.53551E-04  1.14964E+05
    8192000  3.25537E-04  9.22870E-04  1.15085E+05
    8704000  3.25409E-04  8.95190E-04  1.15260E+05
    9216000  3.25400E-04  8.70469E-04  1.15257E+05
    9728000  3.25476E-04  8.47189E-04  1.15401E+05
   10000000  3.25462E-04  8.35408E-04  1.15497E+05
