mcnp       6     07/12/19 10:26:33     2        10000000      6202015958
 MCNP(X) Input File                                                             
ntal     1
   14
tally   14                   -1    0    0
 1 0 0 0 0 0 0 0 0 0 0 0 0 0 0 0 0 0 0 0 0 0 0 0 0 0 0 0 0 0 0 0 0 0 0 0 0
f        1
      3
d        1
u        0
s        0
m        0
c        0
et       4
  0.00000E+00  2.50000E-08  1.57000E+00
t        0
vals
  0.00000E+00 0.0000  2.53401E-04 0.0005  2.44448E-03 0.0002  2.69788E-03 0.0002
tfc   20       1       1       1       1       1       1       4       1
     512000  2.69365E-03  1.04750E-03  9.12783E+05
    1024000  2.69584E-03  7.39811E-04  9.20012E+05
    1536000  2.69721E-03  6.04164E-04  9.18789E+05
    2048000  2.69700E-03  5.23342E-04  9.20094E+05
    2560000  2.69676E-03  4.68065E-04  9.20076E+05
    3072000  2.69723E-03  4.27415E-04  9.18304E+05
    3584000  2.69754E-03  3.95716E-04  9.17963E+05
    4096000  2.69747E-03  3.70181E-04  9.18098E+05
    4608000  2.69762E-03  3.48996E-04  9.18046E+05
    5120000  2.69752E-03  3.31074E-04  9.18788E+05
    5632000  2.69752E-03  3.15693E-04  9.18610E+05
    6144000  2.69790E-03  3.02231E-04  9.19087E+05
    6656000  2.69796E-03  2.90356E-04  9.18458E+05
    7168000  2.69776E-03  2.79801E-04  9.18525E+05
    7680000  2.69744E-03  2.70338E-04  9.18912E+05
    8192000  2.69746E-03  2.61737E-04  9.19146E+05
    8704000  2.69758E-03  2.53917E-04  9.19262E+05
    9216000  2.69766E-03  2.46759E-04  9.18507E+05
    9728000  2.69783E-03  2.40165E-04  9.18329E+05
   10000000  2.69788E-03  2.36874E-04  9.18232E+05
